<TICKER>,<PER>,<DATE>,<TIME>,<OPEN>,<HIGH>,<LOW>,<CLOSE>,<VOL>,<OPENINT>
META.US,60,20211230,160000,344,345.7,343.22,345.275,1227974,0
META.US,60,20211230,170000,345.29,346.57,344.75,344.75,1365663,0
META.US,60,20211230,180000,344.8,345.383,344.17,345.366,755072,0
META.US,60,20211230,190000,345.37,345.9,345.13,345.493,544627,0
META.US,60,20211230,200000,345.49,346.696,345.28,346.535,565582,0
META.US,60,20211230,210000,346.57,347.23,345.93,346.52,712378,0
META.US,60,20211230,220000,346.53,346.537,343.55,344.36,1880187,0
META.US,60,20211231,160000,343.015,343.44,340.525,341.5,1077190,0
META.US,60,20211231,170000,341.47,342.56,340.6,341.31,998407,0
META.US,60,20211231,180000,341.29,341.58,339.7,340.995,1002748,0
META.US,60,20211231,190000,340.99,341.03,339.62,340.77,679111,0
META.US,60,20211231,200000,340.8,341.03,339.64,339.76,619613,0
META.US,60,20211231,210000,339.8,340.18,339.07,339.25,747942,0
META.US,60,20211231,220000,339.29,340.03,336.27,336.35,3669819,0
META.US,60,20220103,160000,338.295,340.55,337.19,338.33,1823359,0
META.US,60,20220103,170000,338.16,341.082,337.665,339.665,1363897,0
META.US,60,20220103,180000,339.688,339.96,337.66,338.304,955027,0
META.US,60,20220103,190000,338.3,339.729,337.77,339.705,607907,0
META.US,60,20220103,200000,339.73,339.9,338.62,339.11,647780,0
META.US,60,20220103,210000,339.12,339.68,338.5,338.95,678884,0
META.US,60,20220103,220000,338.9,340.22,338.2,338.54,2784723,0
META.US,60,20220104,160000,339.95,343.085,337.89,342.34,1605296,0
META.US,60,20220104,170000,342.3,342.37,333.34,334.795,2064363,0
META.US,60,20220104,180000,334.75,335.884,331.871,333.94,1470703,0
META.US,60,20220104,190000,333.98,335.04,333.37,334.7,696136,0
META.US,60,20220104,200000,334.74,335.809,334.09,334.165,597306,0
META.US,60,20220104,210000,334.17,336.18,334.09,335.64,705919,0
META.US,60,20220104,220000,335.634,338.65,335.59,336.53,3001452,0
META.US,60,20220105,160000,333.02,335.61,332.032,334.735,1071816,0
META.US,60,20220105,170000,334.65,335.76,330.55,331.905,1391500,0
META.US,60,20220105,180000,331.97,334.57,331.54,332.05,1256487,0
META.US,60,20220105,190000,332.05,332.91,328.88,329.02,1223007,0
META.US,60,20220105,200000,329.01,330.58,328.41,330.08,959391,0
META.US,60,20220105,210000,330.125,331.99,326.5,326.7,1517021,0
META.US,60,20220105,220000,326.71,328.68,323.86,324.17,6310812,0
META.US,60,20220106,160000,322.8,331.115,322.72,328.16,2536611,0
META.US,60,20220106,170000,328.17,336.94,325.25,335.92,4994929,0
META.US,60,20220106,180000,336.02,339.165,335.85,338.66,2467140,0
META.US,60,20220106,190000,338.66,338.9,336.19,336.28,1389471,0
META.US,60,20220106,200000,336.3,336.82,333.52,335.05,1739349,0
META.US,60,20220106,210000,335.02,335.228,332.73,333.225,1360108,0
META.US,60,20220106,220000,333.19,334.99,331.54,332.46,3630660,0
META.US,60,20220107,160000,332.74,337,330.79,335.362,1796116,0
META.US,60,20220107,170000,335.39,335.575,328.88,329.84,1827497,0
META.US,60,20220107,180000,329.75,333.98,329.52,333.22,1199526,0
META.US,60,20220107,190000,333.3,333.716,332.2,333.38,808598,0
META.US,60,20220107,200000,333.4,334.67,332.68,332.9,825344,0
META.US,60,20220107,210000,332.93,333.86,332.06,333.42,1004801,0
META.US,60,20220107,220000,333.5,334.18,331.6,331.79,2768220,0
META.US,60,20220110,160000,325.31,326.19,319.55,321.32,2825183,0
META.US,60,20220110,170000,321.29,321.54,315.43,316.935,3339752,0
META.US,60,20220110,180000,316.826,321.69,316.21,321.592,1988924,0
META.US,60,20220110,190000,321.54,321.73,318.71,321.12,1359443,0
META.US,60,20220110,200000,321.106,324.9,320.39,324.47,1604761,0
META.US,60,20220110,210000,324.455,327.771,324.09,326.76,1528718,0
META.US,60,20220110,220000,326.75,328.34,325.08,328.07,1810390,0
META.US,60,20220111,160000,326.78,330.5,326.22,328.1,1394319,0
META.US,60,20220111,170000,328.14,329.86,325.28,326.92,1395363,0
META.US,60,20220111,180000,326.92,333.48,326.769,332.785,1700586,0
META.US,60,20220111,190000,332.83,333.48,330.435,332.12,1466258,0
META.US,60,20220111,200000,332.14,332.71,330.817,332.4,748338,0
META.US,60,20220111,210000,332.38,333.79,331.91,333.414,928386,0
META.US,60,20220111,220000,333.409,334.63,331.5,334.37,3647656,0
META.US,60,20220112,160000,335.18,336.365,332.22,334.18,1580623,0
META.US,60,20220112,170000,334.2,335.732,331.15,331.65,1655403,0
META.US,60,20220112,180000,331.65,333.18,330.03,332.26,1037797,0
META.US,60,20220112,190000,332.36,334.41,331.9,334.14,788876,0
META.US,60,20220112,200000,334.18,334.23,332.73,332.8,586400,0
META.US,60,20220112,210000,332.8,333.38,331.91,332.81,729450,0
META.US,60,20220112,220000,332.824,333.26,331.33,333.26,3469026,0
META.US,60,20220113,160000,334.98,335.63,332.91,334.57,1052863,0
META.US,60,20220113,170000,334.66,334.81,328.9,330.3,1575084,0
META.US,60,20220113,180000,330.24,332.02,329.65,331.66,760065,0
META.US,60,20220113,190000,331.66,331.66,327.38,328.4,1264798,0
META.US,60,20220113,200000,328.31,330.13,327.72,329.19,787077,0
META.US,60,20220113,210000,329.205,330.46,328.71,329.66,908099,0
META.US,60,20220113,220000,329.67,329.67,325.76,326.48,3049935,0
META.US,60,20220114,160000,321.79,330.525,321.21,330,1677386,0
META.US,60,20220114,170000,330.16,332.19,327.98,330.21,2301026,0
META.US,60,20220114,180000,330.2,331.94,328.43,330.4,1237272,0
META.US,60,20220114,190000,330.32,331.205,329.07,329.285,905620,0
META.US,60,20220114,200000,329.26,332.2,328.65,331.78,1090773,0
META.US,60,20220114,210000,331.69,332.73,328.17,329.86,1225501,0
META.US,60,20220114,220000,329.87,332.1,329.79,331.9,2901545,0
META.US,60,20220118,160000,323.29,324.21,318.32,320.35,2623647,0
META.US,60,20220118,170000,320.46,323.96,319,319.46,2833445,0
META.US,60,20220118,180000,319.4,322.09,318.44,321.395,1494041,0
META.US,60,20220118,190000,321.36,321.67,319.26,319.54,1029593,0
META.US,60,20220118,200000,319.51,320.89,319.06,320.54,1147481,0
META.US,60,20220118,210000,320.54,321.94,319.44,321.17,1205644,0
META.US,60,20220118,220000,321.16,321.715,317.64,318.15,4273514,0
META.US,60,20220119,160000,319.582,323.63,319.582,322.035,1698166,0
META.US,60,20220119,170000,321.93,322.94,319.33,320.23,1772966,0
META.US,60,20220119,180000,320.14,323.64,319.88,323.29,1866172,0
META.US,60,20220119,190000,323.32,326.02,323.28,325.94,1497133,0
META.US,60,20220119,200000,325.92,327.1,324.684,325.32,1547272,0
META.US,60,20220119,210000,325.24,325.574,322.42,323,1170444,0
META.US,60,20220119,220000,322.939,324.08,319.33,319.59,2937739,0
META.US,60,20220120,160000,323.9,327.45,322.62,326.545,1606286,0
META.US,60,20220120,170000,326.76,327.82,325.51,326.625,1405706,0
META.US,60,20220120,180000,326.62,327.2,323.61,324.34,1352256,0
META.US,60,20220120,190000,324.34,325.08,323.466,323.73,834971,0
META.US,60,20220120,200000,323.73,323.78,322.45,322.77,912872,0
META.US,60,20220120,210000,322.86,324.44,321.02,321.25,1225658,0
META.US,60,20220120,220000,321.26,322.07,315.98,316.56,3037649,0
META.US,60,20220121,160000,314.81,318.31,311.705,311.9,2731624,0
META.US,60,20220121,170000,311.958,315.56,307.78,314.88,3165879,0
META.US,60,20220121,180000,314.95,315.33,310.01,311.24,1999193,0
META.US,60,20220121,190000,311.15,312.16,308.2,308.87,1364331,0
META.US,60,20220121,200000,308.865,309.79,307.99,308.49,1337404,0
META.US,60,20220121,210000,308.55,309.55,306.21,306.35,1594097,0
META.US,60,20220121,220000,306.36,308.696,303.04,303.17,6228185,0
META.US,60,20220124,160000,297.84,300.59,296,296.085,2193708,0
META.US,60,20220124,170000,296.03,298.65,293.85,295.22,2754819,0
META.US,60,20220124,180000,295.41,296.01,291.35,293.31,2704786,0
META.US,60,20220124,190000,293.3,294.94,289.01,294.185,3080875,0
META.US,60,20220124,200000,294.17,302.24,294.063,302.146,3898700,0
META.US,60,20220124,210000,302.17,305.38,298.68,302.19,3197433,0
META.US,60,20220124,220000,302.13,309.53,300.78,308.71,6391233,0
META.US,60,20220125,160000,299.95,303.3,297.72,299.44,2316773,0
META.US,60,20220125,170000,299.51,303.83,297.59,301.559,2400775,0
META.US,60,20220125,180000,301.5,302.2,297.865,299.12,1868666,0
META.US,60,20220125,190000,299.06,301.8,298.955,301.34,1545655,0
META.US,60,20220125,200000,301.31,304.57,299.9,304.5,1511376,0
META.US,60,20220125,210000,304.45,306.23,302.98,305.95,1831096,0
META.US,60,20220125,220000,305.965,306.01,299.71,300.15,4340614,0
META.US,60,20220126,160000,307.01,307.51,301.37,303.345,2153430,0
META.US,60,20220126,170000,303.34,304.72,298.813,299.95,2800460,0
META.US,60,20220126,180000,299.9,302.47,299.66,301.72,1397942,0
META.US,60,20220126,190000,301.74,304.49,301.67,304.09,1035086,0
META.US,60,20220126,200000,304.11,304.19,302.68,302.83,1027551,0
META.US,60,20220126,210000,302.79,305.79,296.35,297.18,2667345,0
META.US,60,20220126,220000,297.095,297.24,290.85,294.16,6277632,0
META.US,60,20220127,160000,297.752,300.19,294.73,299.55,1910100,0
META.US,60,20220127,170000,299.55,301.63,297.46,300.03,1837494,0
META.US,60,20220127,180000,300.01,301.709,299.8,301.005,1553687,0
META.US,60,20220127,190000,301,301.05,296.925,298.05,1884125,0
META.US,60,20220127,200000,298.04,298.69,294.54,296.32,1957364,0
META.US,60,20220127,210000,296.27,298.43,294.83,295.83,1385680,0
META.US,60,20220127,220000,295.97,297.86,294.26,294.64,3138662,0
META.US,60,20220128,160000,295.62,297.21,293.33,294.835,1286524,0
META.US,60,20220128,170000,294.88,297.29,293.033,297.184,2168090,0
META.US,60,20220128,180000,297.23,300.48,296.02,300,1694456,0
META.US,60,20220128,190000,300.005,301.37,298.05,298.195,1712373,0
META.US,60,20220128,200000,298.14,298.5,296.009,297.899,1707000,0
META.US,60,20220128,210000,297.85,298.62,293.58,296.83,2158937,0
META.US,60,20220128,220000,296.89,301.9,296.35,301.71,3938404,0
META.US,60,20220131,160000,300.68,304.28,299.32,303.56,1871024,0
META.US,60,20220131,170000,303.6,308.08,303.352,307.425,2172910,0
META.US,60,20220131,180000,307.36,309.199,306.51,309.199,1137161,0
META.US,60,20220131,190000,309.18,310.23,308.23,309.91,1161290,0
META.US,60,20220131,200000,309.9,310.7,308.85,310.5,947406,0
META.US,60,20220131,210000,310.5,311.35,310.1,311.15,1252872,0
META.US,60,20220131,220000,311.11,313.79,308.88,313.26,4604894,0
META.US,60,20220201,160000,314.555,316.99,312.12,315.165,2026784,0
META.US,60,20220201,170000,315.19,315.535,312.15,314.57,1665237,0
META.US,60,20220201,180000,314.53,317.08,313.93,316.7,1228697,0
META.US,60,20220201,190000,316.67,317.6,315.5,317.252,1047658,0
META.US,60,20220201,200000,317.265,317.43,315.75,316.646,832596,0
META.US,60,20220201,210000,316.68,317.42,315.49,316.526,717164,0
META.US,60,20220201,220000,316.47,319.66,316.26,319,3138025,0
META.US,60,20220202,160000,327.82,328,320.01,321.65,3641052,0
META.US,60,20220202,170000,321.78,324.45,320.45,320.88,2727855,0
META.US,60,20220202,180000,320.89,321.2,316.875,319.63,2882950,0
META.US,60,20220202,190000,319.69,324.576,319,324.26,3768095,0
META.US,60,20220202,200000,324.24,324.29,321.37,322.9,1845787,0
META.US,60,20220202,210000,322.9,324.25,320.96,323.075,2537915,0
META.US,60,20220202,220000,323.075,324.76,322,323,5285775,0
META.US,60,20220203,160000,244.645,246.427,237.07,241.26,32137384,0
META.US,60,20220203,170000,241.225,248,241.1,244.315,22411533,0
META.US,60,20220203,180000,244.31,246.97,241.5,241.53,15829559,0
META.US,60,20220203,190000,241.52,242.04,238.26,239.6,13192965,0
META.US,60,20220203,200000,239.58,240.415,238.12,238.226,9950054,0
META.US,60,20220203,210000,238.225,241,237.1,237.32,11774764,0
META.US,60,20220203,220000,237.359,238.1,235.745,237.6,18705199,0
META.US,60,20220204,160000,234.97,236.45,230.5,234.5,9630760,0
META.US,60,20220204,170000,234.61,236.09,231.62,232.23,8384196,0
META.US,60,20220204,180000,232.24,233.71,230.11,232.72,7906828,0
META.US,60,20220204,190000,232.711,235.47,232.1,234.91,5784981,0
META.US,60,20220204,200000,234.9,241.3,234.61,240.447,7587078,0
META.US,60,20220204,210000,240.445,242.61,237.39,239.99,12220066,0
META.US,60,20220204,220000,240,240.69,236.72,237.09,9365420,0
META.US,60,20220207,160000,237.7,238.3,233.13,233.31,5926356,0
META.US,60,20220207,170000,233.37,233.44,230.33,231.28,10008960,0
META.US,60,20220207,180000,231.27,232.22,226.52,227.552,10640152,0
META.US,60,20220207,190000,227.52,227.74,224.07,224.38,10108428,0
META.US,60,20220207,200000,224.37,226.685,224.33,226.12,8575441,0
META.US,60,20220207,210000,226.13,227.99,225.34,227.415,7011040,0
META.US,60,20220207,220000,227.4,228.52,224.01,224.91,13377531,0
META.US,60,20220208,160000,220.85,225.77,219.77,225.27,9063535,0
META.US,60,20220208,170000,225.31,225.46,220.63,224.25,11843095,0
META.US,60,20220208,180000,224.25,224.68,222.05,222.99,6533936,0
META.US,60,20220208,190000,223,223.38,220.18,220.29,8663518,0
META.US,60,20220208,200000,220.26,220.36,218.108,218.93,9277666,0
META.US,60,20220208,210000,218.93,219.9,216.65,217.239,9237840,0
META.US,60,20220208,220000,217.22,221.23,216.15,220.18,15385719,0
META.US,60,20220209,160000,224.2,227.47,222.21,225.08,9231017,0
META.US,60,20220209,170000,225.078,226.52,224,225.538,8197009,0
META.US,60,20220209,180000,225.55,227.2,225.15,226.43,6414925,0
META.US,60,20220209,190000,226.426,230.38,225.22,228.765,11096723,0
META.US,60,20220209,200000,228.8,231.49,228.59,231.43,7933742,0
META.US,60,20220209,210000,231.44,233.15,231.41,232.51,8803086,0
META.US,60,20220209,220000,232.5,233.37,230.81,232,10544782,0
META.US,60,20220210,160000,228.27,235,226.7,233.72,5402980,0
META.US,60,20220210,170000,233.71,234.78,230.59,231.02,6794821,0
META.US,60,20220210,180000,231.01,232.55,229.42,232.2,4476850,0
META.US,60,20220210,190000,232.218,232.79,229.56,230.96,3606941,0
META.US,60,20220210,200000,230.87,231.469,228.16,229.82,3428697,0
META.US,60,20220210,210000,229.835,230.2,228.22,228.6,2987763,0
META.US,60,20220210,220000,228.56,229.67,226.7,227.93,4737693,0
META.US,60,20220211,160000,228.47,230.42,226.51,226.825,2838770,0
META.US,60,20220211,170000,226.825,227.8,224.42,225.08,5343765,0
META.US,60,20220211,180000,225.04,226.31,223.61,224.88,3621597,0
META.US,60,20220211,190000,224.835,224.96,222.81,223.03,2631869,0
META.US,60,20220211,200000,223.02,223.47,220.31,220.59,4281652,0
META.US,60,20220211,210000,220.56,222.21,219.32,220.185,4362581,0
META.US,60,20220211,220000,220.24,221.44,218.77,219.55,9568068,0
META.US,60,20220214,160000,219.31,221,217.84,219.622,2643561,0
META.US,60,20220214,170000,219.59,219.605,216.71,218.23,3072287,0
META.US,60,20220214,180000,218.27,219.38,217.34,218.259,3380625,0
META.US,60,20220214,190000,218.26,219.697,217.779,218.24,2728384,0
META.US,60,20220214,200000,218.24,218.98,215.02,215.02,3622542,0
META.US,60,20220214,210000,215.02,217.82,214.78,217.25,3905628,0
META.US,60,20220214,220000,217.22,218.44,215.98,217.7,5803627,0
META.US,60,20220215,160000,220.47,221.14,217.66,218.56,2812650,0
META.US,60,20220215,170000,218.7,219.17,217.16,217.65,3954920,0
META.US,60,20220215,180000,217.66,218.19,216.41,217.425,4214831,0
META.US,60,20220215,190000,217.43,217.74,215.06,216.945,4603211,0
META.US,60,20220215,200000,216.96,219.05,216.38,218.67,3217637,0
META.US,60,20220215,210000,218.72,220.229,218.25,219.9,3963747,0
META.US,60,20220215,220000,219.9,221.15,219.1,221,6534907,0
META.US,60,20220216,160000,212.41,215.45,212.36,215.05,6340182,0
META.US,60,20220216,170000,215.01,217.46,214.5,215.848,6555946,0
META.US,60,20220216,180000,215.84,216.11,214.22,215.3,3229597,0
META.US,60,20220216,190000,215.31,215.68,213.9,214.74,2810402,0
META.US,60,20220216,200000,214.72,215,213.72,214,2616770,0
META.US,60,20220216,210000,214.02,215.74,213.37,215.46,3705783,0
META.US,60,20220216,220000,215.46,217.025,215.13,216.54,4571976,0
META.US,60,20220217,160000,214.02,217.24,213.76,216.91,2804333,0
META.US,60,20220217,170000,216.93,217.5,213.55,214.44,3900963,0
META.US,60,20220217,180000,214.42,215.67,214.16,214.44,2350533,0
META.US,60,20220217,190000,214.44,214.54,213.265,214.04,2164550,0
META.US,60,20220217,200000,214.05,214.234,211.8,212.15,3031696,0
META.US,60,20220217,210000,212.18,212.19,210.01,210.05,4035883,0
META.US,60,20220217,220000,210.05,210.06,207.16,207.73,8478533,0
META.US,60,20220218,160000,209.39,210.75,206.66,209.32,3861143,0
META.US,60,20220218,170000,209.33,209.82,207.08,207.28,3715866,0
META.US,60,20220218,180000,207.22,207.85,205.51,205.94,3429777,0
META.US,60,20220218,190000,205.9,207.96,205.85,206.54,2877999,0
META.US,60,20220218,200000,206.54,207.68,205.97,206.825,2349766,0
META.US,60,20220218,210000,206.84,208.86,206.403,207.833,3006659,0
META.US,60,20220218,220000,207.815,208.325,205.18,206.16,5351757,0
META.US,60,20220222,160000,202.34,207.01,201.56,205.13,4349926,0
META.US,60,20220222,170000,205.135,207.48,203.11,203.38,4996288,0
META.US,60,20220222,180000,203.39,203.68,201.45,202.08,3387768,0
META.US,60,20220222,190000,202.11,203.06,201.73,201.915,2398764,0
META.US,60,20220222,200000,201.94,202.91,200.57,200.99,2444079,0
META.US,60,20220222,210000,200.98,203.87,200.06,203.27,3929728,0
META.US,60,20220222,220000,203.29,204.809,201.06,202.08,5477549,0
META.US,60,20220223,160000,204.16,206.94,203.68,204.41,3430252,0
META.US,60,20220223,170000,204.42,204.59,201.07,201.525,3967938,0
META.US,60,20220223,180000,201.51,202.68,200.54,202.21,3903518,0
META.US,60,20220223,190000,202.19,203.94,201.45,201.57,3471059,0
META.US,60,20220223,200000,201.585,201.98,200.27,201.515,3437917,0
META.US,60,20220223,210000,201.5,202.18,199.51,199.856,5109116,0
META.US,60,20220223,220000,199.84,200.36,198.05,198.43,6560619,0
META.US,60,20220224,160000,191.06,196.109,190.22,195.688,3477405,0
META.US,60,20220224,170000,195.7,197.56,193.95,196.59,4622005,0
META.US,60,20220224,180000,196.607,199.27,196.21,199.171,3741827,0
META.US,60,20220224,190000,199.18,200.95,197.81,199.445,5401499,0
META.US,60,20220224,200000,199.44,203.203,198.82,201.49,3872946,0
META.US,60,20220224,210000,201.5,204.61,200.33,204.34,4049167,0
META.US,60,20220224,220000,204.33,208.35,203.93,207.53,8612940,0
META.US,60,20220225,160000,204.94,208.49,203.18,206.22,3503048,0
META.US,60,20220225,170000,206.25,210.52,205.8,209.7,4808245,0
META.US,60,20220225,180000,209.67,211.32,208.94,210.095,3658079,0
META.US,60,20220225,190000,210.12,210.42,207.161,207.69,3039813,0
META.US,60,20220225,200000,207.631,208.19,206.5,207.864,2724263,0
META.US,60,20220225,210000,207.915,209.47,207.4,208.91,2619204,0
META.US,60,20220225,220000,208.84,210.61,208.355,210.48,4585624,0
META.US,60,20220228,160000,207.675,209,206.83,207.97,2024074,0
META.US,60,20220228,170000,207.95,212.936,207.107,212.255,4402953,0
META.US,60,20220228,180000,212.27,213.151,210.91,211.4,3157577,0
META.US,60,20220228,190000,211.35,211.48,208.07,208.85,2164144,0
META.US,60,20220228,200000,208.83,209.69,207.96,209.14,1766794,0
META.US,60,20220228,210000,209.08,209.11,206.93,208.255,2285655,0
META.US,60,20220228,220000,208.2,211.24,207.11,211.03,7143759,0
META.US,60,20220301,160000,209.87,211.752,209.15,209.68,1685023,0
META.US,60,20220301,170000,209.82,210.985,208.29,208.47,2136943,0
META.US,60,20220301,180000,208.45,209.32,206.19,206.417,2456506,0
META.US,60,20220301,190000,206.36,207.41,205.75,207.27,2392097,0
META.US,60,20220301,200000,207.23,207.71,204.93,205.386,1672850,0
META.US,60,20220301,210000,205.41,206,204.441,204.725,1815503,0
META.US,60,20220301,220000,204.74,206.42,202.22,203.49,2325003,0
META.US,60,20220302,160000,204.62,205.2,202.69,203.53,1187606,0
META.US,60,20220302,170000,203.55,204.66,202.02,203.12,1884195,0
META.US,60,20220302,180000,203.2,206.15,202.86,206.12,1921073,0
META.US,60,20220302,190000,206.1,207.39,205.675,206.117,2216018,0
META.US,60,20220302,200000,206.17,207.76,206.11,207.21,2701528,0
META.US,60,20220302,210000,207.24,208.03,206.83,207.48,2463754,0
META.US,60,20220302,220000,207.46,209.15,207.44,208.11,5815567,0
META.US,60,20220303,160000,209.015,209.08,207.365,208.425,2040280,0
META.US,60,20220303,170000,208.46,208.65,204.01,204.06,2978270,0
META.US,60,20220303,180000,204.03,206.34,204.02,205.41,2643657,0
META.US,60,20220303,190000,205.395,206.835,203.87,205.52,1749741,0
META.US,60,20220303,200000,205.47,206,203.64,203.78,2083950,0
META.US,60,20220303,210000,203.76,204.8,203.31,203.881,2331322,0
META.US,60,20220303,220000,203.846,203.86,201.42,202.97,5464901,0
META.US,60,20220304,160000,202.37,205.89,201.01,202.09,2012222,0
META.US,60,20220304,170000,202.01,202.56,199.87,199.965,2024168,0
META.US,60,20220304,180000,199.99,200.83,199.14,200.26,2547557,0
META.US,60,20220304,190000,200.26,202,199.96,200.75,2723504,0
META.US,60,20220304,200000,200.739,201.56,199.17,199.36,2982456,0
META.US,60,20220304,210000,199.415,200.46,198.79,199.25,3722037,0
META.US,60,20220304,220000,199.23,200.49,198.95,200.11,4816220,0
META.US,60,20220307,160000,200.79,200.89,194.36,194.647,2443497,0
META.US,60,20220307,170000,194.58,194.66,190.78,191.38,4766629,0
META.US,60,20220307,180000,191.38,193.01,190.7,190.81,2960139,0
META.US,60,20220307,190000,190.79,191.32,189.05,190.17,3960316,0
META.US,60,20220307,200000,190.17,191.14,189.14,189.98,2630767,0
META.US,60,20220307,210000,189.94,191.26,189.21,189.35,2027805,0
META.US,60,20220307,220000,189.44,189.65,187.28,187.47,4148108,0
META.US,60,20220308,160000,187.85,190.88,186.11,188.26,2341158,0
META.US,60,20220308,170000,188.21,191.59,186.49,190.925,3419554,0
META.US,60,20220308,180000,191.01,192.65,188.995,192.24,3081482,0
META.US,60,20220308,190000,192.245,196.3,191.91,196.202,4569489,0
META.US,60,20220308,200000,196.206,196.7,192.68,192.81,2634732,0
META.US,60,20220308,210000,192.82,194.015,191.71,192.72,2060002,0
META.US,60,20220308,220000,192.76,194.04,190.14,190.29,4674642,0
META.US,60,20220309,160000,195.74,196.74,193.92,195.949,2148496,0
META.US,60,20220309,170000,195.89,197.86,195.43,197.46,4092105,0
META.US,60,20220309,180000,197.49,198.25,195.91,198.001,3239146,0
META.US,60,20220309,190000,198,198.55,196.105,196.19,2500100,0
META.US,60,20220309,200000,196.2,197.26,195.45,195.69,2473800,0
META.US,60,20220309,210000,195.68,197.24,195.01,196.95,2117545,0
META.US,60,20220309,220000,196.985,199.1,196.92,198.5,5368933,0
META.US,60,20220310,160000,194.84,195.6,193.26,195.075,1717277,0
META.US,60,20220310,170000,195.01,195.65,191.549,191.84,2328706,0
META.US,60,20220310,180000,191.82,192.84,191.068,192.773,1643459,0
META.US,60,20220310,190000,192.769,193.97,192.23,192.45,1451262,0
META.US,60,20220310,200000,192.43,195.22,192.19,194.085,1812848,0
META.US,60,20220310,210000,194.08,195.08,193.41,194.533,2021951,0
META.US,60,20220310,220000,194.587,196.28,193.7,195.21,4308673,0
META.US,60,20220311,160000,192.635,193.56,187.12,187.285,3494909,0
META.US,60,20220311,170000,187.31,191.25,186.67,190.955,4930584,0
META.US,60,20220311,180000,190.94,190.98,187.86,188.02,2573888,0
META.US,60,20220311,190000,188.01,189.84,187.8,189.675,1908831,0
META.US,60,20220311,200000,189.67,190.92,189.14,189.21,1956156,0
META.US,60,20220311,210000,189.21,191.13,189.02,190,2277236,0
META.US,60,20220311,220000,190.003,190.18,187.39,187.61,5468713,0
META.US,60,20220314,150000,187.03,192.043,187,189.233,2504395,0
META.US,60,20220314,160000,189.15,192.27,188.64,190.85,2794282,0
META.US,60,20220314,170000,190.88,190.97,187.32,187.53,2156040,0
META.US,60,20220314,180000,187.5,188.5,186.83,187.52,2414495,0
META.US,60,20220314,190000,187.53,187.71,185.82,186.74,2891157,0
META.US,60,20220314,200000,186.75,189.34,186.695,189.05,2615536,0
META.US,60,20220314,210000,189.045,189.88,186.25,186.63,5346639,0
META.US,60,20220315,150000,190.8,190.9,187.19,187.862,2304239,0
META.US,60,20220315,160000,187.871,189.49,186.51,188.69,2737303,0
META.US,60,20220315,170000,188.71,190.31,187.1,187.385,2996450,0
META.US,60,20220315,180000,187.34,188.21,186.56,187.38,1654781,0
META.US,60,20220315,190000,187.362,187.75,185.911,187.485,2112024,0
META.US,60,20220315,200000,187.41,189.99,186.81,189.625,2383495,0
META.US,60,20220315,210000,189.61,192.28,189.425,192.03,7393902,0
META.US,60,20220316,150000,194.7,197.45,194.52,197.056,3014011,0
META.US,60,20220316,160000,197.1,201.01,196.56,200.87,3823191,0
META.US,60,20220316,170000,200.825,201.99,199.88,200.08,2623908,0
META.US,60,20220316,180000,200.09,200.44,198.12,198.829,2708059,0
META.US,60,20220316,190000,198.82,199.91,198.569,199.595,1716361,0
META.US,60,20220316,200000,199.5,200.6,195.14,199.525,4507052,0
META.US,60,20220316,210000,199.54,203.73,198.79,203.63,6315042,0
META.US,60,20220317,150000,201.7,204.62,201.11,204.48,2498581,0
META.US,60,20220317,160000,204.485,205.47,203.02,203.27,3984036,0
META.US,60,20220317,170000,203.225,205.18,202.32,204.075,2565989,0
META.US,60,20220317,180000,204.09,205.29,203.81,205.24,1643747,0
META.US,60,20220317,190000,205.23,206.39,204.37,206.05,1962411,0
META.US,60,20220317,200000,206.02,206.37,205.22,205.87,1793860,0
META.US,60,20220317,210000,205.85,208.04,205.52,207.84,5824357,0
META.US,60,20220318,150000,206.7,209.81,206,209.65,4481615,0
META.US,60,20220318,160000,209.61,213.11,209.61,212.675,5224731,0
META.US,60,20220318,170000,212.685,213.135,211.56,212.01,2770047,0
META.US,60,20220318,180000,212.01,214.56,211.76,214.323,2906203,0
META.US,60,20220318,190000,214.33,215.16,213.68,214.27,2212920,0
META.US,60,20220318,200000,214.29,214.47,213.03,214.3,2307926,0
META.US,60,20220318,210000,214.29,216.8,214.2,216.5,18380916,0
META.US,60,20220321,150000,214.5,214.71,209.31,209.41,3788958,0
META.US,60,20220321,160000,209.45,210.71,207.63,210.54,4141084,0
META.US,60,20220321,170000,210.52,212.72,210.11,212.57,2418941,0
META.US,60,20220321,180000,212.61,212.9,210.03,210.16,2358704,0
META.US,60,20220321,190000,210.184,210.49,208.6,210.34,1754028,0
META.US,60,20220321,200000,210.285,211.31,209.222,209.24,1419627,0
META.US,60,20220321,210000,209.174,211.61,209.14,211.49,4419633,0
META.US,60,20220322,150000,211.37,215.06,210.18,214.705,2713428,0
META.US,60,20220322,160000,214.73,219.44,214.69,217.899,5322059,0
META.US,60,20220322,170000,217.91,219.27,217.1,217.1,2874364,0
META.US,60,20220322,180000,217.11,217.2,215.315,216.66,2879381,0
META.US,60,20220322,190000,216.655,217.122,215.921,216.81,1601584,0
META.US,60,20220322,200000,216.81,217.1,215.46,216.752,1715782,0
META.US,60,20220322,210000,216.765,218.36,216.155,216.65,5767346,0
META.US,60,20220323,150000,213.455,216.37,213.21,213.925,2250615,0
META.US,60,20220323,160000,213.89,216.27,213.41,215.61,2143457,0
META.US,60,20220323,170000,215.66,216.799,215.28,215.79,1720146,0
META.US,60,20220323,180000,215.8,216.44,214.32,215.69,1637122,0
META.US,60,20220323,190000,215.74,215.87,213.4,214.701,1477064,0
META.US,60,20220323,200000,214.695,214.99,212.16,214.025,3286319,0
META.US,60,20220323,210000,214.04,215.17,213.29,213.46,4053532,0
META.US,60,20220324,150000,215,218.71,214.79,218.348,3191857,0
META.US,60,20220324,160000,218.37,220.67,215.51,216.47,5433429,0
META.US,60,20220324,170000,216.44,219.79,216.36,218.65,2937518,0
META.US,60,20220324,180000,218.61,219.69,217.67,219.6,1987134,0
META.US,60,20220324,190000,219.615,219.89,218.07,218.31,1950950,0
META.US,60,20220324,200000,218.327,218.83,217.46,218.09,1949352,0
META.US,60,20220324,210000,218.108,219.97,217.6,219.57,4854430,0
META.US,60,20220325,150000,220.51,225.5,219.06,223.665,5048777,0
META.US,60,20220325,160000,223.62,225.03,221.85,222.823,5200946,0
META.US,60,20220325,170000,222.85,222.98,218.89,219.555,4518725,0
META.US,60,20220325,180000,219.54,220.92,219.11,219.81,2604378,0
META.US,60,20220325,190000,219.84,221.73,219.26,221.72,2412713,0
META.US,60,20220325,200000,221.735,221.79,219.98,220.87,2716777,0
META.US,60,20220325,210000,220.89,222.23,219.5,221.82,6021372,0
META.US,60,20220328,160000,222.13,224.04,221.64,222.84,2207563,0
META.US,60,20220328,170000,222.91,223,220.76,222.66,2688094,0
META.US,60,20220328,180000,222.67,223.06,219.86,220.045,2554455,0
META.US,60,20220328,190000,220.06,221.26,219.54,220.95,2071582,0
META.US,60,20220328,200000,220.99,222.05,220.77,221.58,1506516,0
META.US,60,20220328,210000,221.605,223.16,221.367,223.15,1405109,0
META.US,60,20220328,220000,223.14,223.68,222.405,223.59,4697646,0
META.US,60,20220329,160000,226.07,227.93,225.29,225.77,2799410,0
META.US,60,20220329,170000,225.78,227.51,225.33,227.43,3166138,0
META.US,60,20220329,180000,227.445,229.15,226.82,229,3519549,0
META.US,60,20220329,190000,229,229.15,227.475,228.675,2517735,0
META.US,60,20220329,200000,228.734,230,227.77,229.76,2423927,0
META.US,60,20220329,210000,229.76,230.369,229.49,229.92,2070587,0
META.US,60,20220329,220000,229.95,230.89,229.1,229.86,5184702,0
META.US,60,20220330,160000,228.91,229.81,227.77,228.3,1952988,0
META.US,60,20220330,170000,228.35,230.85,226.71,228.78,3957473,0
META.US,60,20220330,180000,228.8,230.06,227.54,230.05,2526521,0
META.US,60,20220330,190000,230.015,231.151,229.41,230.925,2383050,0
META.US,60,20220330,200000,230.87,230.93,227.75,228.54,1900617,0
META.US,60,20220330,210000,228.54,229.4,228.14,228.78,2050941,0
META.US,60,20220330,220000,228.81,228.87,226.78,227.85,4242301,0
META.US,60,20220331,160000,228.45,228.49,225.04,226.785,1618990,0
META.US,60,20220331,170000,226.82,227.563,225.48,225.802,2110956,0
META.US,60,20220331,180000,225.82,225.824,224.34,225.01,2281260,0
META.US,60,20220331,190000,225.05,225.19,223.726,224.055,1568125,0
META.US,60,20220331,200000,224.08,225.15,224.04,224.665,1051920,0
META.US,60,20220331,210000,224.646,225.59,223.875,225.49,1237177,0
META.US,60,20220331,220000,225.5,226.15,222.26,222.36,6266281,0
META.US,60,20220401,160000,224.55,226.91,224.07,225.275,2007079,0
META.US,60,20220401,170000,225.25,227.28,224.39,226.78,2151882,0
META.US,60,20220401,180000,226.81,227.045,223.18,223.69,2216230,0
META.US,60,20220401,190000,223.68,224.6,223.08,223.622,1347628,0
META.US,60,20220401,200000,223.56,224.51,222.7,223.81,1379486,0
META.US,60,20220401,210000,223.78,225.15,223.513,224.53,1603411,0
META.US,60,20220401,220000,224.52,224.94,222.98,224.85,3397944,0
META.US,60,20220404,160000,225.98,232.18,225.86,231.71,3152126,0
META.US,60,20220404,170000,231.71,233.37,230,233.18,3576245,0
META.US,60,20220404,180000,233.19,233.74,231.87,233.063,2215270,0
META.US,60,20220404,190000,233.08,234.1,232.55,233.8,1877019,0
META.US,60,20220404,200000,233.76,234.09,232.531,233.53,1576259,0
META.US,60,20220404,210000,233.52,233.99,231.92,233.67,1963378,0
META.US,60,20220404,220000,233.68,234.351,233.19,233.89,4932006,0
META.US,60,20220405,160000,234.08,236.86,232.82,234.13,3660402,0
META.US,60,20220405,170000,234.05,234.97,231.13,232.98,3056926,0
META.US,60,20220405,180000,232.995,233.4,232,232.48,2354639,0
META.US,60,20220405,190000,232.48,233.59,231.21,233.02,2670381,0
META.US,60,20220405,200000,233.03,235.28,232.9,234.07,3215651,0
META.US,60,20220405,210000,234.06,234.661,232.58,232.66,2513992,0
META.US,60,20220405,220000,232.679,232.781,231.02,231.84,4317958,0
META.US,60,20220406,160000,226.91,228.99,224.03,224.21,3021338,0
META.US,60,20220406,170000,224.197,224.79,222.37,224.01,4079741,0
META.US,60,20220406,180000,223.9,224.54,222.701,224.09,1825227,0
META.US,60,20220406,190000,224.1,224.46,222.26,223.15,1784054,0
META.US,60,20220406,200000,223.12,224.57,222.75,223.542,1699792,0
META.US,60,20220406,210000,223.59,225.65,221.405,224.82,3331128,0
META.US,60,20220406,220000,224.825,225.94,222.72,223.27,3301473,0
META.US,60,20220407,160000,223.93,225.52,222.285,224.28,1476418,0
META.US,60,20220407,170000,224.17,225.15,221.66,222.415,1753625,0
META.US,60,20220407,180000,222.4,223.05,219.81,220.31,1695253,0
META.US,60,20220407,190000,220.27,221.13,218.56,219.44,1552779,0
META.US,60,20220407,200000,219.42,222.23,219.21,221.56,1578703,0
META.US,60,20220407,210000,221.55,223.09,221.02,222.99,1296881,0
META.US,60,20220407,220000,223.02,224.9,222.61,222.76,2440339,0
META.US,60,20220408,160000,222.38,222.75,220.028,220.35,1490653,0
META.US,60,20220408,170000,220.258,224.743,220.141,224.533,2628698,0
META.US,60,20220408,180000,224.53,225.13,222.52,224.21,1513070,0
META.US,60,20220408,190000,224.21,225,223.16,224.63,1279454,0
META.US,60,20220408,200000,224.58,224.605,223.197,223.7,982605,0
META.US,60,20220408,210000,223.68,223.94,222.3,223.01,1393944,0
META.US,60,20220408,220000,222.99,224.49,221.88,222.4,2345381,0
META.US,60,20220411,160000,218.42,220.3,217.1,219.58,1551721,0
META.US,60,20220411,170000,219.54,220.61,215.22,215.96,2527651,0
META.US,60,20220411,180000,215.94,218.18,215.61,217.99,1497828,0
META.US,60,20220411,190000,217.97,219.28,217.365,218.71,1513864,0
META.US,60,20220411,200000,218.69,220,218.48,218.92,1585947,0
META.US,60,20220411,210000,218.905,219.51,217.73,218.878,1275500,0
META.US,60,20220411,220000,218.885,219.356,215.97,216.46,4331703,0
META.US,60,20220412,160000,220.235,221.35,217.63,221.12,1792925,0
META.US,60,20220412,170000,221.034,222.03,217.9,218.84,2088999,0
META.US,60,20220412,180000,218.86,219.11,217.65,218.11,1399482,0
META.US,60,20220412,190000,218.13,218.15,216.4,217.07,1497802,0
META.US,60,20220412,200000,217.04,217.66,214.495,214.86,1858064,0
META.US,60,20220412,210000,214.83,215.39,213.84,214.271,1987830,0
META.US,60,20220412,220000,214.235,214.83,213.13,214.14,2758894,0
META.US,60,20220413,160000,211.82,215.59,211.33,214.54,1786587,0
META.US,60,20220413,170000,214.64,216.61,213.88,214.16,2450675,0
META.US,60,20220413,180000,214.17,216.37,214,215.96,1628793,0
META.US,60,20220413,190000,215.99,216.5,215.36,216.47,1035958,0
META.US,60,20220413,200000,216.46,216.49,213.52,214.03,1594451,0
META.US,60,20220413,210000,214.053,214.95,213.86,214.425,1129997,0
META.US,60,20220413,220000,214.425,216.38,214.11,214.99,3939875,0
META.US,60,20220414,160000,214.89,214.99,212.66,213.29,1736642,0
META.US,60,20220414,170000,213.28,213.9,212.15,212.74,1847117,0
META.US,60,20220414,180000,212.749,214.14,212.432,212.65,1277569,0
META.US,60,20220414,190000,212.63,212.99,211.5,212.09,1310105,0
META.US,60,20220414,200000,212.12,212.92,211.73,212.497,956093,0
META.US,60,20220414,210000,212.445,213.3,211.38,211.395,1305579,0
META.US,60,20220414,220000,211.41,211.781,210,210.18,3848878,0
META.US,60,20220418,160000,210,211.4,209.35,210.925,1807084,0
META.US,60,20220418,170000,210.89,213.38,210.45,211.01,2016748,0
META.US,60,20220418,180000,211.015,211.58,209.831,210.31,1143033,0
META.US,60,20220418,190000,210.33,210.37,208.3,208.61,1179371,0
META.US,60,20220418,200000,208.61,211.45,208.31,211.02,1475903,0
META.US,60,20220418,210000,211.08,212.04,210.45,210.98,1400030,0
META.US,60,20220418,220000,210.97,211.16,209.2,210.77,3307167,0
META.US,60,20220419,160000,210.52,212.9,209,212.78,1954616,0
META.US,60,20220419,170000,212.78,215.88,212.415,215.6,2923628,0
META.US,60,20220419,180000,215.58,217.22,215.04,216.87,1829539,0
META.US,60,20220419,190000,216.87,217.79,216.51,217.365,1625183,0
META.US,60,20220419,200000,217.4,218.02,216.82,217.75,1151519,0
META.US,60,20220419,210000,217.74,217.92,216.5,217.08,1247064,0
META.US,60,20220419,220000,217.1,218.43,216.7,217.31,3846227,0
META.US,60,20220420,160000,213.605,214.16,206.65,207.97,4723228,0
META.US,60,20220420,170000,207.97,208.5,203.9,204.96,6110438,0
META.US,60,20220420,180000,204.95,204.98,200.69,201.868,5385572,0
META.US,60,20220420,190000,201.86,202.86,200.42,201.555,3124041,0
META.US,60,20220420,200000,201.57,203.624,201.33,201.97,2630879,0
META.US,60,20220420,210000,201.985,202.42,198.92,199.75,3415103,0
META.US,60,20220420,220000,199.74,202.128,199.7,200.42,6758960,0
META.US,60,20220421,160000,201.6,202.965,198.92,199,3360066,0
META.US,60,20220421,170000,199.05,199.47,193.35,195.053,5850657,0
META.US,60,20220421,180000,195.06,195.27,190.64,190.648,5284721,0
META.US,60,20220421,190000,190.67,191.32,189.66,189.96,5107708,0
META.US,60,20220421,200000,189.955,191.21,189.01,189.58,4039956,0
META.US,60,20220421,210000,189.58,189.66,187.38,187.615,3957070,0
META.US,60,20220421,220000,187.64,188.73,185.58,188.06,6734094,0
META.US,60,20220422,160000,190.37,192.72,187.39,187.67,3741803,0
META.US,60,20220422,170000,187.61,190.56,185.9,186.29,4536954,0
META.US,60,20220422,180000,186.25,187.08,184.178,184.616,3190967,0
META.US,60,20220422,190000,184.6,185.23,183.65,183.78,2451787,0
META.US,60,20220422,200000,183.77,184.84,183.27,184.475,2035291,0
META.US,60,20220422,210000,184.47,185.37,183.97,184.66,2376386,0
META.US,60,20220422,220000,184.68,186.86,183.82,184.11,6401032,0
META.US,60,20220425,160000,182.73,186.365,181.655,183.36,3294684,0
META.US,60,20220425,170000,183.38,187.18,183.29,183.58,3304612,0
META.US,60,20220425,180000,183.595,184.15,181.7,182.23,2651554,0
META.US,60,20220425,190000,182.23,184.7887,181.69,183.69,2053668,0
META.US,60,20220425,200000,183.73,184.3499,182.93,183.63,1845014,0
META.US,60,20220425,210000,183.68,186.2,183.19,185.3298,1917917,0
META.US,60,20220425,220000,185.32,187.1,183.57,186.99,4650009,0
META.US,60,20220426,160000,186.63,187.185,181.81,182.29,2462266,0
META.US,60,20220426,170000,182.27,182.48,180.05,180.745,3136997,0
META.US,60,20220426,180000,180.71,181.03,179.5,180.14,2708261,0
META.US,60,20220426,190000,180.17,182.54,180.09,182.36,2667339,0
META.US,60,20220426,200000,182.38,182.388,180.8465,181.39,1553444,0
META.US,60,20220426,210000,181.39,184.55,181.34,184.37,2844399,0
META.US,60,20220426,220000,184.4,184.72,180.84,180.95,6016350,0
META.US,60,20220427,160000,174.43,181.2099,174.12,177.98,3513912,0
META.US,60,20220427,170000,177.99,178.89,174.74,177.23,3994549,0
META.US,60,20220427,180000,177.195,178.31,175.98,176.605,3409174,0
META.US,60,20220427,190000,176.62,179.76,175.7,178.31,2916165,0
META.US,60,20220427,200000,178.42,179.05,169,172.6806,10820420,0
META.US,60,20220427,210000,172.64,173.71,171.285,172.3848,5861307,0
META.US,60,20220427,220000,172.33,176.02,171.72,174.95,9089269,0
META.US,60,20220428,160000,202.92,208.2,196.02,196.66,13671601,0
META.US,60,20220428,170000,196.6,199.33,192.9,195.315,11878255,0
META.US,60,20220428,180000,195.325,202,194.5454,199.87,11427260,0
META.US,60,20220428,190000,199.89,205.93,199.31,204.55,9155170,0
META.US,60,20220428,200000,204.59,208.0999,204.5512,206.71,6879134,0
META.US,60,20220428,210000,206.7,208.53,205.29,206.51,8954792,0
META.US,60,20220428,220000,206.47,207.478,205.16,205.73,9533089,0
META.US,60,20220429,160000,204.46,212.48,203.75,211.505,6336607,0
META.US,60,20220429,170000,211.51,211.61,205.56,207.575,5701484,0
META.US,60,20220429,180000,207.58,208.15,205.77,206.06,3563295,0
META.US,60,20220429,190000,206.07,206.209,204.4,205.525,2597822,0
META.US,60,20220429,200000,205.525,209.3799,205.5,205.891,5096845,0
META.US,60,20220429,210000,205.93,206.13,202.4216,203.82,3526258,0
META.US,60,20220429,220000,203.8,204.44,199.9,200.47,7972474,0
META.US,60,20220502,160000,201.165,210.73,201,209.65,4479911,0
META.US,60,20220502,170000,209.54,210.86,206.35,207.6099,6700761,0
META.US,60,20220502,180000,207.6,209.43,205.54,206.97,4093623,0
META.US,60,20220502,190000,206.99,207.57,204.51,204.63,3257877,0
META.US,60,20220502,200000,204.61,204.81,202.53,204.1001,3399545,0
META.US,60,20220502,210000,204.0741,205.39,202.3,204.34,3990686,0
META.US,60,20220502,220000,204.3,211.88,203.9301,211.13,9507900,0
META.US,60,20220503,160000,210.45,212.64,208.2301,212.6345,4167867,0
META.US,60,20220503,170000,212.64,213.865,208.09,209.07,5871896,0
META.US,60,20220503,180000,209.08,211.92,208.505,211.2856,3628436,0
META.US,60,20220503,190000,211.33,213.64,209.87,213.155,4220484,0
META.US,60,20220503,200000,213.19,214.8999,212.5,213.76,3885051,0
META.US,60,20220503,210000,213.7,214.1499,211.8,213.69,4125947,0
META.US,60,20220503,220000,213.73,213.97,211.155,212.06,4488909,0
META.US,60,20220504,160000,210.65,211.39,208.44,208.77,2298002,0
META.US,60,20220504,170000,208.71,209.64,207.05,208.07,3083096,0
META.US,60,20220504,180000,208,209.43,206.96,209.28,2150691,0
META.US,60,20220504,190000,209.28,213.3224,208.96,213.305,3693042,0
META.US,60,20220504,200000,213.32,215.265,212.66,215.175,2999141,0
META.US,60,20220504,210000,215.08,220.29,211.5502,219.7,6891606,0
META.US,60,20220504,220000,219.665,224.3,218.93,223.41,8613205,0
META.US,60,20220505,160000,218.74,220.17,215,216.49,3435831,0
META.US,60,20220505,170000,216.58,216.6,208.77,209.8599,5634724,0
META.US,60,20220505,180000,209.83,210.5901,207.6,208.36,3741973,0
META.US,60,20220505,190000,208.32,210.24,207.39,209.92,3184675,0
META.US,60,20220505,200000,209.91,210.91,208.25,208.72,2709708,0
META.US,60,20220505,210000,208.68,209.09,206.58,207.63,2736261,0
META.US,60,20220505,220000,207.66,208.98,206.16,208.28,7782303,0
META.US,60,20220506,160000,207.34,208.5,201.02,202.83,2595213,0
META.US,60,20220506,170000,202.88,209.35,202.51,207.956,3917451,0
META.US,60,20220506,180000,208.02,209.35,205.66,206.145,3567405,0
META.US,60,20220506,190000,206.13,208.9,205.53,208.89,2579997,0
META.US,60,20220506,200000,208.94,209.05,204.94,205.175,2583331,0
META.US,60,20220506,210000,205.16,206.1,204.22,204.3,2133173,0
META.US,60,20220506,220000,204.315,204.86,202.73,203.77,5699966,0
META.US,60,20220509,160000,199.84,202.57,197.69,199.13,3424084,0
META.US,60,20220509,170000,199.03,199.95,196.61,196.915,4193520,0
META.US,60,20220509,180000,196.88,199.62,196.15,198.985,3239395,0
META.US,60,20220509,190000,198.95,201.65,197.97,199.4,3097353,0
META.US,60,20220509,200000,199.38,200.1832,198.205,198.635,2442376,0
META.US,60,20220509,210000,198.61,199.02,197.32,198.44,2324164,0
META.US,60,20220509,220000,198.46,199.5999,195.58,196.25,7118593,0
META.US,60,20220510,160000,199.51,201.23,196.4,199.57,2973474,0
META.US,60,20220510,170000,199.57,202.96,195.63,196.1,4842307,0
META.US,60,20220510,180000,196.11,197.98,194.19,197.1,3832368,0
META.US,60,20220510,190000,197.08,198.0699,195.568,196.14,2526013,0
META.US,60,20220510,200000,196.11,202.19,195.9,202,2768382,0
META.US,60,20220510,210000,201.98,202.035,199.36,200.45,2606376,0
META.US,60,20220510,220000,200.47,201.73,197.265,197.58,3505568,0
META.US,60,20220511,160000,196.325,200.6742,194.14,197.66,2208787,0
META.US,60,20220511,170000,197.73,199.48,194.745,195.56,2761257,0
META.US,60,20220511,180000,195.5534,196.45,193.3658,194.3077,2522197,0
META.US,60,20220511,190000,194.26,194.65,190.34,190.73,2746170,0
META.US,60,20220511,200000,190.69,190.7599,188.38,188.44,2620690,0
META.US,60,20220511,210000,188.46,193.185,188.4,190.705,2900613,0
META.US,60,20220511,220000,190.7,190.86,188.27,188.74,5656102,0
META.US,60,20220512,160000,187.055,190.37,184.78,187.46,2953396,0
META.US,60,20220512,170000,187.41,196.38,186.09,196.23,5719451,0
META.US,60,20220512,180000,196.25,198.05,191.17,191.245,3520464,0
META.US,60,20220512,190000,191.265,193.39,189.81,191.81,2704468,0
META.US,60,20220512,200000,191.78,192.4191,187.04,187.42,2875184,0
META.US,60,20220512,210000,187.37,188.15,185.76,186.05,2882448,0
META.US,60,20220512,220000,186.02,191.39,185.8893,191.24,5705545,0
META.US,60,20220513,160000,192.6,196.4909,191.28,194.8267,2744612,0
META.US,60,20220513,170000,194.84,198.1,194.66,196.79,2754452,0
META.US,60,20220513,180000,196.79,198.77,195.9,198.75,1940915,0
META.US,60,20220513,190000,198.72,199.89,198.08,198.6,1828369,0
META.US,60,20220513,200000,198.6091,199.27,197.2209,197.275,1313704,0
META.US,60,20220513,210000,197.2743,197.69,195.55,197.58,2057323,0
META.US,60,20220513,220000,197.63,198.79,197.24,198.62,4877683,0
META.US,60,20220516,160000,197.05,202.1299,195.93,199.13,3210989,0
META.US,60,20220516,170000,199.135,201.77,198.15,199.055,3596237,0
META.US,60,20220516,180000,199.03,204.1826,198.55,203.97,2561014,0
META.US,60,20220516,190000,204,205.37,201.79,202.09,3574789,0
META.US,60,20220516,200000,202.05,204.285,201.54,203.13,1837549,0
META.US,60,20220516,210000,203.2,204.049,202.53,203.06,1541222,0
META.US,60,20220516,220000,203.1004,203.24,199.29,200.04,4200546,0
META.US,60,20220517,160000,202.115,205.46,201.47,204.0509,3182152,0
META.US,60,20220517,170000,204.07,205.34,200.36,201.22,2739680,0
META.US,60,20220517,180000,201.24,202.76,200.755,201.955,1818395,0
META.US,60,20220517,190000,201.95,202.45,200.83,201.59,1090677,0
META.US,60,20220517,200000,201.61,202.18,200.7605,201.39,1175234,0
META.US,60,20220517,210000,201.41,202.98,198.36,200.505,3732746,0
META.US,60,20220517,220000,200.505,202.79,200.4506,202.62,4835863,0
META.US,60,20220518,160000,200,201,197.6,197.78,2542656,0
META.US,60,20220518,170000,197.8,200.18,197.51,199.63,2471591,0
META.US,60,20220518,180000,199.6455,199.6455,195.23,195.896,2265424,0
META.US,60,20220518,190000,195.92,196.55,194.82,196.5,1462844,0
META.US,60,20220518,200000,196.4999,196.5,193.43,193.72,1638768,0
META.US,60,20220518,210000,193.72,194.49,193.04,193.25,1886950,0
META.US,60,20220518,220000,193.25,194.27,191.63,192.24,5375980,0
META.US,60,20220519,160000,191.2,194.3,189.6,193.1,2618046,0
META.US,60,20220519,170000,193.06,194.74,191.01,192.2,3237305,0
META.US,60,20220519,180000,192.26,194.99,191.8,194.8,2439152,0
META.US,60,20220519,190000,194.82,195.29,192.38,193.1999,1803905,0
META.US,60,20220519,200000,193.1975,193.4787,190.84,193.1938,1793205,0
META.US,60,20220519,210000,193.21,194.0232,191.9,193.39,1727847,0
META.US,60,20220519,220000,193.39,194.1381,190.7,191.29,3993932,0
META.US,60,20220520,160000,194.97,197.91,193.9901,197.355,3327619,0
META.US,60,20220520,170000,197.34,197.71,194.21,194.43,3386050,0
META.US,60,20220520,180000,194.465,194.7262,191.75,192.72,2336168,0
META.US,60,20220520,190000,192.7,192.89,190.17,190.54,2523715,0
META.US,60,20220520,200000,190.56,191.3,187.87,190.95,3824949,0
META.US,60,20220520,210000,190.94,191.5199,189.39,190.36,2222763,0
META.US,60,20220520,220000,190.38,193.74,189.76,193.54,5553896,0
META.US,60,20220523,160000,195.19,195.49,191.91,192.32,2463809,0
META.US,60,20220523,170000,192.23,195.35,191.24,193.66,2900205,0
META.US,60,20220523,180000,193.71,196.46,193.2397,195.715,2266401,0
META.US,60,20220523,190000,195.73,196.9924,194.55,194.57,1889728,0
META.US,60,20220523,200000,194.57,195.0825,193.63,194.475,1693563,0
META.US,60,20220523,210000,194.53,195.75,194.21,194.8,1624212,0
META.US,60,20220523,220000,194.82,196.32,194.7592,196.23,3904188,0
META.US,60,20220524,160000,180.55,183.6759,176.11,176.92,9261943,0
META.US,60,20220524,170000,177,178.63,176.2,177.0121,6652719,0
META.US,60,20220524,180000,177.01,179.7,176.49,178.801,5557643,0
META.US,60,20220524,190000,178.8001,180.72,178.22,178.4312,3561442,0
META.US,60,20220524,200000,178.43,180.78,177.321,179.94,2844264,0
META.US,60,20220524,210000,179.98,181.58,178.46,178.915,3299294,0
META.US,60,20220524,220000,178.9,182.38,178.6501,181.28,6550527,0
META.US,60,20220525,160000,180.4,183.0599,179.32,180.19,2778787,0
META.US,60,20220525,170000,180.17,183.43,179.36,182.845,4481493,0
META.US,60,20220525,180000,182.86,183.2938,181.483,182.38,2012633,0
META.US,60,20220525,190000,182.38,183.2,181.55,182.64,1360205,0
META.US,60,20220525,200000,182.5514,182.59,181.59,182.25,1302087,0
META.US,60,20220525,210000,182.28,184.2499,180.31,184.01,3322766,0
META.US,60,20220525,220000,184.02,185.45,182.51,183.83,3651160,0
META.US,60,20220526,160000,182.878,186.7,182.26,186.54,2046740,0
META.US,60,20220526,170000,186.58,188.29,185.97,188.26,2722161,0
META.US,60,20220526,180000,188.27,189.99,188.16,189.915,1894858,0
META.US,60,20220526,190000,189.9166,191.5,189.59,191.5,1799652,0
META.US,60,20220526,200000,191.5,192.4152,190.09,192.27,1873867,0
META.US,60,20220526,210000,192.23,192.8301,191.35,192.1512,1964589,0
META.US,60,20220526,220000,192.14,192.5,190.44,191.63,4667275,0
META.US,60,20220527,160000,191.36,192.78,189.8,192.3064,3028719,0
META.US,60,20220527,170000,192.34,194.72,191.7037,191.9,2824917,0
META.US,60,20220527,180000,191.91,193.76,191.07,193.7225,2130830,0
META.US,60,20220527,190000,193.73,194.2935,193.2401,193.86,1516537,0
META.US,60,20220527,200000,193.8501,194.2436,193.451,193.76,1325855,0
META.US,60,20220527,210000,193.7897,194.47,193.48,194.25,1749925,0
META.US,60,20220527,220000,194.26,195.3329,193.9801,195.13,4561238,0
META.US,60,20220531,160000,194.885,195.8,192.81,193.92,2190530,0
META.US,60,20220531,170000,193.92,196.0399,192.01,194.99,2673041,0
META.US,60,20220531,180000,194.9884,197.12,194.06,196.8941,1858613,0
META.US,60,20220531,190000,196.89,197.6,195.9,197.1499,1765818,0
META.US,60,20220531,200000,197.13,197.2639,195.06,197.125,1270092,0
META.US,60,20220531,210000,197.105,197.14,193.98,194.74,1411641,0
META.US,60,20220531,220000,194.7,196.77,193.23,193.64,7382187,0
META.US,60,20220601,160000,196.51,199.53,196.34,198.78,3148667,0
META.US,60,20220601,170000,198.83,198.95,193.51,195.0797,3105552,0
META.US,60,20220601,180000,195.05,195.05,192.344,192.6099,1788097,0
META.US,60,20220601,190000,192.61,192.749,190.44,191.52,1611000,0
META.US,60,20220601,200000,191.43,192.3481,190.75,192.12,1443716,0
META.US,60,20220601,210000,192.11,194.17,191.92,193.2812,1771623,0
META.US,60,20220601,220000,193.28,194,185,188.64,13875757,0
META.US,60,20220602,160000,188.45,192.34,187.73,191.01,3079639,0
META.US,60,20220602,170000,191.03,192.77,189.77,192.6486,2991954,0
META.US,60,20220602,180000,192.65,195.06,192.51,194.52,3219575,0
META.US,60,20220602,190000,194.54,198.35,194.51,197.9,2971279,0
META.US,60,20220602,200000,197.92,199.68,197.18,199.26,2438872,0
META.US,60,20220602,210000,199.2386,200.935,199.05,199.56,3898396,0
META.US,60,20220602,220000,199.5453,199.7136,197.05,198.86,5139526,0
META.US,60,20220603,160000,195.98,196.61,194.05,195.2,1843410,0
META.US,60,20220603,170000,195.15,196.14,191.45,191.61,2603816,0
META.US,60,20220603,180000,191.6,191.8995,190.56,191.13,1806765,0
META.US,60,20220603,190000,191.12,192.71,190.92,192.516,1331092,0
META.US,60,20220603,200000,192.5,193.355,190.95,191.285,1320643,0
META.US,60,20220603,210000,191.3036,191.8836,190.52,190.8,1350419,0
META.US,60,20220603,220000,190.8,191.01,189.78,190.79,2710942,0
META.US,60,20220606,160000,193.99,194.63,190.9,192.06,1992267,0
META.US,60,20220606,170000,192.09,194.52,192.05,193.18,2349968,0
META.US,60,20220606,180000,193.21,193.6899,190.51,190.52,1981841,0
META.US,60,20220606,190000,190.51,190.52,188.4,189.64,1817923,0
META.US,60,20220606,200000,189.635,196.69,188.62,196.24,5005024,0
META.US,60,20220606,210000,196.26,196.92,192.61,194.52,5872888,0
META.US,60,20220606,220000,194.48,195.01,193.32,194.25,4924143,0
META.US,60,20220607,160000,191.93,194.86,191.49,192.95,2251588,0
META.US,60,20220607,170000,193,196.53,192.32,195.925,2672953,0
META.US,60,20220607,180000,195.95,195.97,193.4401,194.4,1895673,0
META.US,60,20220607,190000,194.39,194.63,193.31,194.02,1354904,0
META.US,60,20220607,200000,194.01,194.59,193.53,194.04,1296846,0
META.US,60,20220607,210000,194.05,195.0466,193.9,194.28,1400220,0
META.US,60,20220607,220000,194.26,195.96,194.1897,195.65,3256226,0
META.US,60,20220608,160000,194.67,199.6213,194.41,199.14,2611570,0
META.US,60,20220608,170000,199.135,200.83,198.47,199.4,3242735,0
META.US,60,20220608,180000,199.43,202.03,199.04,199.9899,2443847,0
META.US,60,20220608,190000,199.95,200.58,197.5,198.3,1902693,0
META.US,60,20220608,200000,198.3,198.35,196.76,197.845,1194977,0
META.US,60,20220608,210000,197.84,198.29,196.35,196.71,1616858,0
META.US,60,20220608,220000,196.72,197.47,195.82,196.64,3583111,0
META.US,60,20220609,160000,194.05,199.45,193.25,197.56,2406411,0
META.US,60,20220609,170000,197.41,197.56,193.7901,194.81,2657099,0
META.US,60,20220609,180000,194.8,195.1,191.69,192.3712,2359177,0
META.US,60,20220609,190000,192.33,192.6,190.85,191.7,1608984,0
META.US,60,20220609,200000,191.68,191.76,188.93,190.35,1773955,0
META.US,60,20220609,210000,190.35,190.44,188.29,188.33,1877194,0
META.US,60,20220609,220000,188.32,188.33,183.68,184,5560601,0
META.US,60,20220610,160000,183.04,183.1,179.24,180.02,2256506,0
META.US,60,20220610,170000,179.95,179.98,177.21,177.31,3455039,0
META.US,60,20220610,180000,177.26,177.84,175.33,176.25,2208383,0
META.US,60,20220610,190000,176.29,177.07,175.51,175.835,1483759,0
META.US,60,20220610,200000,175.825,177.5,175.02,176.8025,1861909,0
META.US,60,20220610,210000,176.84,177.9773,176.17,177.58,1662201,0
META.US,60,20220610,220000,177.6,178.265,175.51,175.57,5458800,0
META.US,60,20220613,160000,170.59,172.575,168.775,169.085,2664692,0
META.US,60,20220613,170000,169.0798,170.07,167.33,167.57,3439661,0
META.US,60,20220613,180000,167.53,168.2557,166.67,167.66,2930408,0
META.US,60,20220613,190000,167.67,169.0548,167.4073,167.86,1998768,0
META.US,60,20220613,200000,167.86,168.84,167.54,168.35,1846874,0
META.US,60,20220613,210000,168.37,168.39,166.15,166.1857,1966322,0
META.US,60,20220613,220000,166.175,166.67,164.03,164.26,7062988,0
META.US,60,20220614,160000,166.03,166.75,162.2499,164.65,2349841,0
META.US,60,20220614,170000,164.64,165.66,161.86,163.11,3090014,0
META.US,60,20220614,180000,163.11,164.39,161.3601,164.28,2489545,0
META.US,60,20220614,190000,164.27,165.14,163.4,165.0001,2670136,0
META.US,60,20220614,200000,165.01,166.63,163.73,163.8,1930824,0
META.US,60,20220614,210000,163.79,164.38,162.77,162.93,1515828,0
META.US,60,20220614,220000,162.9389,164.63,162.03,163.73,4660338,0
META.US,60,20220615,160000,167.2,168.74,165.14,165.435,2746020,0
META.US,60,20220615,170000,165.4553,166.53,163.975,164.6422,3709027,0
META.US,60,20220615,180000,164.62,166.42,164.56,165.95,1856124,0
META.US,60,20220615,190000,165.975,167.8193,165.9,166.18,2184354,0
META.US,60,20220615,200000,166.16,170.15,166.13,168.885,2082508,0
META.US,60,20220615,210000,168.96,171.87,165.37,168.6447,3105632,0
META.US,60,20220615,220000,168.63,172.16,168.26,169.35,5373981,0
META.US,60,20220616,160000,163.72,165.08,161.88,162.48,1919123,0
META.US,60,20220616,170000,162.475,162.475,159.62,160.0906,2856016,0
META.US,60,20220616,180000,160.08,162.11,160.07,161.385,1915691,0
META.US,60,20220616,190000,161.385,162.51,160.2696,161.93,1803948,0
META.US,60,20220616,200000,162.01,162.849,159.87,159.96,1821717,0
META.US,60,20220616,210000,159.8706,160.83,159.61,160.09,2138410,0
META.US,60,20220616,220000,160.0883,161.7,159.71,160.87,6010632,0
META.US,60,20220617,160000,161.68,164,161.6,163.56,4200674,0
META.US,60,20220617,170000,163.63,163.685,159.9,161.51,2289517,0
META.US,60,20220617,180000,161.49,163.95,160.8612,163.15,2070897,0
META.US,60,20220617,190000,163.16,164.87,162.75,164.345,1602876,0
META.US,60,20220617,200000,164.36,165.9,164.09,164.66,1669541,0
META.US,60,20220617,210000,164.68,164.97,163.79,163.9071,1397456,0
META.US,60,20220617,220000,163.9,164.43,162.45,163.74,7681468,0
META.US,60,20220621,160000,165.93,167.76,164.72,166.5,2565085,0
META.US,60,20220621,170000,166.5125,166.89,164.74,164.91,4216932,0
META.US,60,20220621,180000,164.9264,165.085,162.4736,162.495,3519614,0
META.US,60,20220621,190000,162.495,162.7073,160.27,160.325,4305980,0
META.US,60,20220621,200000,160.34,160.35,157.86,158.2119,8048030,0
META.US,60,20220621,210000,158.21,158.28,155.97,157.1701,7246946,0
META.US,60,20220621,220000,157.195,157.87,156.68,157.05,11004532,0
META.US,60,20220622,160000,158.38,160.39,157.43,157.64,7068598,0
META.US,60,20220622,170000,157.67,160.79,157.6261,159.6,6718082,0
META.US,60,20220622,180000,159.58,160.0499,157.65,157.91,4655540,0
META.US,60,20220622,190000,157.915,159.38,157.82,159.24,2601757,0
META.US,60,20220622,200000,159.265,159.72,158.6,159.37,2454564,0
META.US,60,20220622,210000,159.4,159.86,158.0901,158.365,2548903,0
META.US,60,20220622,220000,158.38,158.45,155.44,155.85,9371461,0
META.US,60,20220623,160000,156.27,156.8,154.25,156.1,4844252,0
META.US,60,20220623,170000,156.12,158.63,155.73,157.8894,6398178,0
META.US,60,20220623,180000,157.9,159.29,157.2973,158.25,3958548,0
META.US,60,20220623,190000,158.23,158.29,155.63,155.765,3241683,0
META.US,60,20220623,200000,155.77,157.097,155.2107,157.088,2267943,0
META.US,60,20220623,210000,157.096,157.505,156.37,157.085,2393088,0
META.US,60,20220623,220000,157.1,159.75,156.88,158.75,7042985,0
META.US,60,20220624,160000,161.725,167.95,161.3,166.44,7242711,0
META.US,60,20220624,170000,166.44,169.53,166.31,166.78,6720084,0
META.US,60,20220624,180000,166.7999,168.4899,166.5614,168.12,3599858,0
META.US,60,20220624,190000,168.11,168.81,167.62,168.32,1716254,0
META.US,60,20220624,200000,168.34,168.75,167.14,167.41,2243123,0
META.US,60,20220624,210000,167.4199,168.665,167.24,168.28,1923300,0
META.US,60,20220624,220000,168.28,170.25,167.5201,170.17,5826035,0
META.US,60,20220627,160000,171.32,171.75,168.15,169.25,3991761,0
META.US,60,20220627,170000,169.31,170.93,168.01,170.9299,3397267,0
META.US,60,20220627,180000,170.9173,171.015,169.06,169.8711,2430290,0
META.US,60,20220627,190000,169.9,170.13,168.16,169.92,2643159,0
META.US,60,20220627,200000,169.94,169.985,168.74,169.15,1642933,0
META.US,60,20220627,210000,169.15,171.14,168.85,170.27,2830177,0
META.US,60,20220627,220000,170.255,170.36,168.85,169.49,6452084,0
META.US,60,20220628,160000,169.9,171.3,168.53,170.1,3013220,0
META.US,60,20220628,170000,170.09,170.8,167.83,168.85,3041925,0
META.US,60,20220628,180000,168.81,169.1316,164.37,164.64,2891588,0
META.US,60,20220628,190000,164.655,165.05,163.51,164.0554,2285157,0
META.US,60,20220628,200000,164.03,164.06,162.92,162.99,1771505,0
META.US,60,20220628,210000,163,163.41,162.34,163.1,1994905,0
META.US,60,20220628,220000,163.09,163.1734,160.61,160.68,6355888,0
META.US,60,20220629,160000,163.57,164.97,160.32,164.73,4241745,0
META.US,60,20220629,170000,164.71,166.33,163.48,163.73,4923495,0
META.US,60,20220629,180000,163.75,164.085,162.27,164.02,2740910,0
META.US,60,20220629,190000,164,164.06,162.1501,162.9,2110314,0
META.US,60,20220629,200000,162.8779,163.3,162.1915,162.905,1496397,0
META.US,60,20220629,210000,162.89,163.64,162.03,162.09,1748745,0
META.US,60,20220629,220000,162.09,164.46,161.76,163.94,5068271,0
META.US,60,20220630,160000,162.15,163.98,159.69,159.79,2893597,0
META.US,60,20220630,170000,159.766,163.14,158.49,162.925,4860411,0
META.US,60,20220630,180000,162.925,164.84,162.15,164.0898,3605299,0
META.US,60,20220630,190000,164.06,164.93,162.58,164.55,2242126,0
META.US,60,20220630,200000,164.56,165.23,163.04,164.68,4203611,0
META.US,60,20220630,210000,164.74,164.98,161.59,161.96,2926633,0
META.US,60,20220630,220000,161.94,162.4,160.01,161.25,7057251,0
META.US,60,20220701,160000,160.31,160.6,155.46,157.81,5354452,0
META.US,60,20220701,170000,157.82,158.95,155.05,155.3226,4171662,0
META.US,60,20220701,180000,155.31,157.43,155,156.55,3098822,0
META.US,60,20220701,190000,156.535,157.8217,155.64,156.86,2529845,0
META.US,60,20220701,200000,156.84,158.77,156.48,158.77,2477749,0
META.US,60,20220701,210000,158.78,159.61,157.66,159.38,2632551,0
META.US,60,20220701,220000,159.43,160.11,158.69,160.03,4742052,0
META.US,60,20220705,160000,158.14,158.9499,157.03,158.27,2517876,0
META.US,60,20220705,170000,158.17,163.6293,157.8427,161.77,3937153,0
META.US,60,20220705,180000,161.795,163.8999,160.61,163.36,2518518,0
META.US,60,20220705,190000,163.38,165.63,163.1,163.9,2566321,0
META.US,60,20220705,200000,163.88,166.1,163.8,165.41,2198183,0
META.US,60,20220705,210000,165.43,167.35,164.74,167.05,2621237,0
META.US,60,20220705,220000,167.03,168.25,166.16,168.19,5404134,0
META.US,60,20220706,160000,168.2,168.97,165.46,167.75,2517231,0
META.US,60,20220706,170000,167.63,168,166.08,167.5113,2101289,0
META.US,60,20220706,180000,167.5,168.55,166.44,167.04,1822211,0
META.US,60,20220706,190000,167.021,168.3517,166.82,168.2901,1078179,0
META.US,60,20220706,200000,168.32,169.26,168.2079,169.195,1614372,0
META.US,60,20220706,210000,169.17,170.59,167.5202,170.5501,2992610,0
META.US,60,20220706,220000,170.57,171.59,169.0801,169.77,5311277,0
META.US,60,20220707,160000,169.45,171.23,168.811,169.28,2395634,0
META.US,60,20220707,170000,169.2717,170.39,167.78,170.287,3960966,0
META.US,60,20220707,180000,170.27,171.03,169.71,171.01,2290698,0
META.US,60,20220707,190000,171.03,171.89,170.8665,171.8124,1937215,0
META.US,60,20220707,200000,171.82,172.4,171.1801,172.3673,1757579,0
META.US,60,20220707,210000,172.3602,172.72,171.23,171.5501,1782315,0
META.US,60,20220707,220000,171.58,172.51,171.42,172.17,3225183,0
META.US,60,20220708,160000,169.98,171.37,168.45,168.7624,1832080,0
META.US,60,20220708,170000,168.71,171.5,168.1501,171.45,2712630,0
META.US,60,20220708,180000,171.4048,172.4,170.68,171.83,2298180,0
META.US,60,20220708,190000,171.835,171.9169,169.27,169.5099,2071712,0
META.US,60,20220708,200000,169.49,170.8378,169.09,170.44,1404257,0
META.US,60,20220708,210000,170.42,171.6125,170.157,171.537,1489184,0
META.US,60,20220708,220000,171.55,171.7101,170.61,170.88,3139741,0
META.US,60,20220711,160000,167.065,167.49,162.27,163.095,3264335,0
META.US,60,20220711,170000,163.01,164.66,162.34,163.18,2567173,0
META.US,60,20220711,180000,163.18,163.88,162.96,163.65,1323945,0
META.US,60,20220711,190000,163.66,164.3,163.25,163.975,1348121,0
META.US,60,20220711,200000,163.97,165.17,163.85,164.99,1214670,0
META.US,60,20220711,210000,165.0458,165.08,162.58,162.58,1972475,0
META.US,60,20220711,220000,162.57,163.2,161.91,162.889,4582175,0
META.US,60,20220712,160000,164.8,165.9107,163.51,163.5901,1808475,0
META.US,60,20220712,170000,163.6,164.54,162.6103,163.51,2033614,0
META.US,60,20220712,180000,163.53,164.98,163.32,163.95,1376972,0
META.US,60,20220712,190000,163.95,165.8,163.66,165.17,1620262,0
META.US,60,20220712,200000,165.17,165.6,164.315,165.19,947080,0
META.US,60,20220712,210000,165.19,165.28,163.81,163.885,1010387,0
META.US,60,20220712,220000,163.8612,163.905,162.1,163.27,3748923,0
META.US,60,20220713,160000,160.16,162.2939,159.6127,161.6899,1877350,0
META.US,60,20220713,170000,161.625,164.8971,160.31,163.88,2324471,0
META.US,60,20220713,180000,163.82,164.6379,162.7301,163.79,1103328,0
META.US,60,20220713,190000,163.77,164.44,162.83,164.38,859269,0
META.US,60,20220713,200000,164.3808,164.98,163.8001,164.435,938678,0
META.US,60,20220713,210000,164.42,164.95,163.2147,164.8,1109492,0
META.US,60,20220713,220000,164.785,164.88,163.12,163.49,2854105,0
META.US,60,20220714,160000,161.22,162.59,157.9201,158.8362,2464712,0
META.US,60,20220714,170000,158.8197,159.06,157.2801,158.58,2577765,0
META.US,60,20220714,180000,158.595,159.4399,158.01,158.6218,2021870,0
META.US,60,20220714,190000,158.625,158.7999,157.55,157.76,1206314,0
META.US,60,20220714,200000,157.77,158.7,157.42,157.97,1605816,0
META.US,60,20220714,210000,157.99,159.11,157.55,158.2927,2272541,0
META.US,60,20220714,220000,158.3271,158.59,157.51,158.05,4580060,0
META.US,60,20220715,160000,160.54,162.3612,159.82,160.43,2434077,0
META.US,60,20220715,170000,160.44,163.3231,160.1912,161.95,2857495,0
META.US,60,20220715,180000,161.94,164.01,161.71,163.62,1919028,0
META.US,60,20220715,190000,163.59,163.95,162.94,163.745,1430969,0
META.US,60,20220715,200000,163.725,164.69,163.5144,164.68,1349608,0
META.US,60,20220715,210000,164.68,164.98,164.22,164.605,1665512,0
META.US,60,20220715,220000,164.58,164.8,163.6806,164.7,4789732,0
META.US,60,20220718,160000,166.75,169.08,165.64,168.28,2397695,0
META.US,60,20220718,170000,168.35,168.45,166.5585,167.9374,1806535,0
META.US,60,20220718,180000,167.96,170.63,167.84,170.61,2444764,0
META.US,60,20220718,190000,170.64,171.685,170.45,170.54,2547769,0
META.US,60,20220718,200000,170.52,170.85,168.3,168.59,1758692,0
META.US,60,20220718,210000,168.58,169.24,167.066,167.29,1838286,0
META.US,60,20220718,220000,167.26,167.98,166.69,167.23,4357508,0
META.US,60,20220719,160000,170.37,172.19,169.9617,171.56,2621617,0
META.US,60,20220719,170000,171.56,172.8699,169.51,172.6,2820894,0
META.US,60,20220719,180000,172.6251,174.72,172.48,174.6988,2739270,0
META.US,60,20220719,190000,174.6928,175.5,174.08,175.4464,2507445,0
META.US,60,20220719,200000,175.45,176.05,174.61,175.72,2015906,0
META.US,60,20220719,210000,175.7585,176.49,175.21,176.23,1937555,0
META.US,60,20220719,220000,176.23,176.27,175.41,175.78,5083714,0
META.US,60,20220720,160000,177.485,179.65,177.09,177.76,3044825,0
META.US,60,20220720,170000,177.79,181.11,176.7,181.02,2985764,0
META.US,60,20220720,180000,181.0101,181.98,180.05,181.81,1876620,0
META.US,60,20220720,190000,181.75,182.88,180.16,181.2366,2792059,0
META.US,60,20220720,200000,181.1401,181.74,179.5,180.52,1976272,0
META.US,60,20220720,210000,180.51,182.73,180.48,182.5367,1740918,0
META.US,60,20220720,220000,182.54,183.6,182.385,183.09,4441131,0
META.US,60,20220721,160000,180.63,182.97,178.87,182.77,2270697,0
META.US,60,20220721,170000,182.85,183.44,178.95,181.105,3149820,0
META.US,60,20220721,180000,181.0808,183.42,181.02,182.87,2164106,0
META.US,60,20220721,190000,182.89,183.54,181.96,182.14,1697693,0
META.US,60,20220721,200000,182.14,182.82,181.1272,181.59,2069080,0
META.US,60,20220721,210000,181.6089,183.26,181.4501,183.245,1829726,0
META.US,60,20220721,220000,183.245,183.85,182.0805,183.17,5431927,0
META.US,60,20220722,160000,173.07,175.58,172.11,172.82,6692771,0
META.US,60,20220722,170000,172.81,173.3699,171.8,172.78,5395186,0
META.US,60,20220722,180000,172.75,172.81,169.42,169.98,4832552,0
META.US,60,20220722,190000,169.92,170.14,168.7205,168.93,3009603,0
META.US,60,20220722,200000,168.9399,169.84,168.61,169.6661,2621314,0
META.US,60,20220722,210000,169.67,170.08,168.41,169.435,3548358,0
META.US,60,20220722,220000,169.4699,169.91,168.75,169.27,6221139,0
META.US,60,20220725,160000,169,170.57,168.66,169.215,3302098,0
META.US,60,20220725,170000,169.2271,169.7412,166.75,167.07,3181482,0
META.US,60,20220725,180000,167.06,167.58,166.28,166.6,2312493,0
META.US,60,20220725,190000,166.62,167.2399,166.15,166.75,1565893,0
META.US,60,20220725,200000,166.76,167.03,165.4,165.56,1824977,0
META.US,60,20220725,210000,165.53,166.1496,164.93,165.125,1921143,0
META.US,60,20220725,220000,165.19,166.73,164.805,166.65,4807946,0
META.US,60,20220726,160000,165.95,166,163.25,163.5366,2313235,0
META.US,60,20220726,170000,163.54,163.95,162.54,162.82,2558679,0
META.US,60,20220726,180000,162.84,162.95,161.15,161.2101,2420710,0
META.US,60,20220726,190000,161.2342,161.9139,160.87,161.15,1548295,0
META.US,60,20220726,200000,161.114,161.47,159.85,160.24,2164902,0
META.US,60,20220726,210000,160.24,160.61,158.58,158.705,2850050,0
META.US,60,20220726,220000,158.69,159.425,157.95,159.15,5724487,0
META.US,60,20220727,160000,162.59,165.25,162.02,163.92,2790908,0
META.US,60,20220727,170000,163.915,166.48,163.75,166.35,3035546,0
META.US,60,20220727,180000,166.4,167.6877,166.3099,167.55,2579252,0
META.US,60,20220727,190000,167.54,168.19,167.295,167.4056,2311462,0
META.US,60,20220727,200000,167.4099,168.21,166.25,167.92,2325269,0
META.US,60,20220727,210000,167.915,170.47,166.66,169.47,4082498,0
META.US,60,20220727,220000,169.5,170.87,167.9604,169.36,7018255,0
META.US,60,20220728,160000,161.06,161.51,154.85,156.49,13036196,0
META.US,60,20220728,170000,156.475,158.95,155.89,158.395,9664844,0
META.US,60,20220728,180000,158.4001,161.49,157.92,160.6893,7984051,0
META.US,60,20220728,190000,160.69,161.08,158.6,158.91,5214969,0
META.US,60,20220728,200000,158.91,159.75,157.78,159.19,4491165,0
META.US,60,20220728,210000,159.19,159.2399,157.29,159.145,4639006,0
META.US,60,20220728,220000,159.14,160.82,158.8,160.72,9825782,0
META.US,60,20220729,160000,157.69,158.59,155.67,157.845,5308728,0
META.US,60,20220729,170000,157.875,158.77,156.18,156.1899,4833626,0
META.US,60,20220729,180000,156.19,156.42,155.25,155.52,4145800,0
META.US,60,20220729,190000,155.56,156.695,155.17,156.53,2666837,0
META.US,60,20220729,200000,156.545,158.93,156.51,158.5643,3980405,0
META.US,60,20220729,210000,158.6005,159.93,158.29,159.84,3328332,0
META.US,60,20220729,220000,159.845,160.14,158.64,159.1,8183839,0
META.US,60,20220801,160000,157.25,157.75,155.2301,157.36,4740671,0
META.US,60,20220801,170000,157.36,162.8798,157.1,162.4,6470098,0
META.US,60,20220801,180000,162.4,165.19,161.9511,164.69,5398877,0
META.US,60,20220801,190000,164.7039,164.7899,162.24,162.76,3557932,0
META.US,60,20220801,200000,162.74,163.11,160.5901,160.8275,3062723,0
META.US,60,20220801,210000,160.83,161.39,160.32,160.98,3083660,0
META.US,60,20220801,220000,160.97,161.24,159.43,159.93,5447769,0
META.US,60,20220802,160000,158.31,160.81,158.11,160.07,3531329,0
META.US,60,20220802,170000,160.04,161,158.01,160.5723,4087979,0
META.US,60,20220802,180000,160.565,161.28,159.68,160.69,2523014,0
META.US,60,20220802,190000,160.72,162.24,160.54,161.18,2445816,0
META.US,60,20220802,200000,161.18,161.38,158.99,159.78,2251243,0
META.US,60,20220802,210000,159.775,160.63,159.5,159.9701,1761503,0
META.US,60,20220802,220000,159.97,160.69,159.64,160.19,3424952,0
META.US,60,20220803,160000,162.7,166.85,161.57,166.01,4780732,0
META.US,60,20220803,170000,165.94,167.72,165.23,167.35,4519621,0
META.US,60,20220803,180000,167.34,169,167.34,168.6,3523285,0
META.US,60,20220803,190000,168.58,169.54,167.38,168.85,2571963,0
META.US,60,20220803,200000,168.86,169.265,167.25,167.6649,2205509,0
META.US,60,20220803,210000,167.679,168.6,167.22,168.4,1962568,0
META.US,60,20220803,220000,168.4,169.21,167.91,168.8,4686025,0
META.US,60,20220804,160000,168.295,172.15,167.61,170.255,3721592,0
META.US,60,20220804,170000,170.24,170.34,166.8,168.2996,3348503,0
META.US,60,20220804,180000,168.3,168.95,167.18,168.65,1956744,0
META.US,60,20220804,190000,168.65,169.71,168.3486,169.1,1880964,0
META.US,60,20220804,200000,169.1012,170.15,169.04,169.365,1303777,0
META.US,60,20220804,210000,169.36,169.97,168.85,169.8141,1269129,0
META.US,60,20220804,220000,169.8,170.79,169.58,170.57,3983492,0
META.US,60,20220805,160000,166.99,169.645,166.33,169.18,2447160,0
META.US,60,20220805,170000,169.18,171.612,168.55,169.7462,3621560,0
META.US,60,20220805,180000,169.72,169.75,166.47,166.66,3089012,0
META.US,60,20220805,190000,166.68,167.4,165.81,166.932,2783909,0
META.US,60,20220805,200000,166.95,167.79,166.2,166.45,2081212,0
META.US,60,20220805,210000,166.47,166.67,165.8,166.21,1612186,0
META.US,60,20220805,220000,166.21,167.35,165.95,167.11,4045508,0
META.US,60,20220808,160000,168,176,167.13,175.77,4463014,0
META.US,60,20220808,170000,175.77,177.51,172.5,172.87,4948121,0
META.US,60,20220808,180000,172.865,173.84,170.89,172.605,2959818,0
META.US,60,20220808,190000,172.59,173.09,171,171.76,2264726,0
META.US,60,20220808,200000,171.7606,172.38,171.2201,172.05,1541544,0
META.US,60,20220808,210000,172.05,172.07,170.32,170.67,1670240,0
META.US,60,20220808,220000,170.66,171.03,170.13,170.25,3044908,0
META.US,60,20220809,160000,168.95,169.53,166.911,167.14,2069809,0
META.US,60,20220809,170000,167.07,168.12,166.61,167.32,2296332,0
META.US,60,20220809,180000,167.35,168.44,166.7,167.66,2107828,0
META.US,60,20220809,190000,167.67,167.8473,166.89,167.34,1194186,0
META.US,60,20220809,200000,167.33,167.95,166.6,167.73,1387070,0
META.US,60,20220809,210000,167.7328,168.6,167.22,168.2458,1412444,0
META.US,60,20220809,220000,168.21,168.81,167.6702,168.53,3011385,0
META.US,60,20220810,160000,175.99,179.17,173.95,177.395,5321804,0
META.US,60,20220810,170000,177.38,178.8,175.8,178.66,3934195,0
META.US,60,20220810,180000,178.66,180.48,177.85,179.05,3971332,0
META.US,60,20220810,190000,179.05,179.72,178.22,178.65,2053059,0
META.US,60,20220810,200000,178.65,178.9099,177.93,178.3205,1685319,0
META.US,60,20220810,210000,178.35,178.36,177.24,177.41,1694539,0
META.US,60,20220810,220000,177.42,178.495,177.25,178.34,4247038,0
META.US,60,20220811,160000,179.71,182.1899,179.3,181.09,3095169,0
META.US,60,20220811,170000,181.09,183.09,179.96,180.5357,3572768,0
META.US,60,20220811,180000,180.545,180.99,177.27,178.32,3026784,0
META.US,60,20220811,190000,178.34,179.0384,178.1,178.81,1380095,0
META.US,60,20220811,200000,178.8499,179.275,177.96,178.295,1590845,0
META.US,60,20220811,210000,178.3098,178.3098,176.72,177.22,1643934,0
META.US,60,20220811,220000,177.22,177.73,176.37,177.5,2452398,0
META.US,60,20220812,160000,180.81,181.4572,179.13,180.38,2250547,0
META.US,60,20220812,170000,180.33,180.68,178.911,180.05,2658974,0
META.US,60,20220812,180000,180.0501,180.91,179.83,179.95,2413142,0
META.US,60,20220812,190000,179.95,180.59,179.83,180.0899,1515107,0
META.US,60,20220812,200000,180.09,180.46,179.29,179.59,1398186,0
META.US,60,20220812,210000,179.62,179.96,179.5,179.87,1321132,0
META.US,60,20220812,220000,179.875,180.5,179.71,180.5,4112523,0
META.US,60,20220815,160000,178.96,181.44,178.7878,180.765,2203522,0
META.US,60,20220815,170000,180.79,180.88,178.21,179.37,2408184,0
META.US,60,20220815,180000,179.36,181.1138,179.1337,180.9,1593450,0
META.US,60,20220815,190000,180.89,181.1828,180.46,181.0268,987297,0
META.US,60,20220815,200000,181.02,181.25,180.4,180.98,1064030,0
META.US,60,20220815,210000,180.9501,181.28,180.36,181.15,1096219,0
META.US,60,20220815,220000,181.15,181.39,180.56,180.89,2520234,0
META.US,60,20220816,160000,179.44,180.35,177.44,178.81,2680032,0
META.US,60,20220816,170000,178.81,179.38,177.035,177.7564,2705361,0
META.US,60,20220816,180000,177.75,180.1211,177.661,179.98,2287888,0
META.US,60,20220816,190000,179.98,180.05,178.4,179.22,1409460,0
META.US,60,20220816,200000,179.24,180.74,179.21,180.575,1426851,0
META.US,60,20220816,210000,180.58,180.99,177.99,178.723,1916745,0
META.US,60,20220816,220000,178.7,179.92,178.28,179.47,2594465,0
META.US,60,20220817,160000,176.76,178.14,175.38,176.6108,2310723,0
META.US,60,20220817,170000,176.62,177.17,174.68,174.8509,2482998,0
META.US,60,20220817,180000,174.845,175.2999,174.17,174.55,1815743,0
META.US,60,20220817,190000,174.55,175.76,174.5,175.345,1824720,0
META.US,60,20220817,200000,175.345,175.97,174.92,175.37,1057067,0
META.US,60,20220817,210000,175.38,177.59,175.16,176.2706,1964145,0
META.US,60,20220817,220000,176.25,176.7,174.54,174.85,3300600,0
META.US,60,20220818,160000,174.34,174.85,172.08,172.3913,2428053,0
META.US,60,20220818,170000,172.38,175.04,171.86,174.48,3441193,0
META.US,60,20220818,180000,174.48,175.76,174.02,175.4128,1792133,0
META.US,60,20220818,190000,175.43,175.71,174.1401,174.4882,1175851,0
META.US,60,20220818,200000,174.4863,175.75,174.34,175.2706,1106872,0
META.US,60,20220818,210000,175.27,175.7,174.76,175.34,1215292,0
META.US,60,20220818,220000,175.33,175.7308,174.2901,174.66,3175207,0
META.US,60,20220819,160000,170.2,172.32,169.58,170.01,3369833,0
META.US,60,20220819,170000,170,170.16,168.33,168.66,4021552,0
META.US,60,20220819,180000,168.655,168.87,167.68,168.08,2453877,0
META.US,60,20220819,190000,168.07,168.28,167.19,167.965,2353722,0
META.US,60,20220819,200000,167.97,168.35,167.05,168.13,2035910,0
META.US,60,20220819,210000,168.12,168.18,167.52,167.67,1228569,0
META.US,60,20220819,220000,167.69,168.47,167.34,167.96,3773417,0
META.US,60,20220822,160000,165.49,165.49,162.75,163.75,2494641,0
META.US,60,20220822,170000,163.69,163.9419,162.42,163.0976,2437322,0
META.US,60,20220822,180000,163.1,164.0469,162.92,163.8028,1689450,0
META.US,60,20220822,190000,163.82,163.9368,163.08,163.34,841468,0
META.US,60,20220822,200000,163.32,163.4,162.61,162.6631,1192687,0
META.US,60,20220822,210000,162.6672,163.27,162.26,162.89,1249075,0
META.US,60,20220822,220000,162.86,163.2341,162.46,163.11,4128593,0
META.US,60,20220823,160000,162.48,164.57,162.02,163.79,1773792,0
META.US,60,20220823,170000,163.76,165.05,162.3501,162.38,2593085,0
META.US,60,20220823,180000,162.38,162.738,161.58,161.837,1936304,0
META.US,60,20220823,190000,161.84,162.39,161.475,162.14,1308868,0
META.US,60,20220823,200000,162.1301,162.56,161.6,161.695,1145093,0
META.US,60,20220823,210000,161.71,162.2,161.22,161.45,1426538,0
META.US,60,20220823,220000,161.45,161.6501,160.7,161.11,3074746,0
META.US,60,20220824,160000,160.6,162.3,159.77,162.25,2636604,0
META.US,60,20220824,170000,162.2229,163.755,161.7801,163.12,2413759,0
META.US,60,20220824,180000,163.16,164.525,163.1077,164.41,1919987,0
META.US,60,20220824,190000,164.4,165.46,163.92,164.12,2211533,0
META.US,60,20220824,200000,164.1399,164.54,163.26,163.45,1215563,0
META.US,60,20220824,210000,163.44,163.91,163.2548,163.6447,1510899,0
META.US,60,20220824,220000,163.65,164.045,163.11,163.26,3560037,0
META.US,60,20220825,160000,165.18,166.864,164.02,166.73,1863601,0
META.US,60,20220825,170000,166.73,168.4801,166.64,167.54,2446896,0
META.US,60,20220825,180000,167.53,167.784,166.3153,166.93,1449851,0
META.US,60,20220825,190000,166.94,167.04,166.2,166.81,754944,0
META.US,60,20220825,200000,166.81,167.75,166.69,167.55,915713,0
META.US,60,20220825,210000,167.56,167.82,166.9582,167.35,822780,0
META.US,60,20220825,220000,167.35,168.88,167,168.78,3099787,0
META.US,60,20220826,160000,168.48,170.92,168.11,168.51,1799439,0
META.US,60,20220826,170000,168.42,170.3,164.16,164.64,3358511,0
META.US,60,20220826,180000,164.61,164.775,162.98,163.72,2413465,0
META.US,60,20220826,190000,163.73,164.015,162.9117,163.9,1795925,0
META.US,60,20220826,200000,163.89,163.92,162.73,162.945,1378944,0
META.US,60,20220826,210000,162.94,163.41,162.57,162.79,1468187,0
META.US,60,20220826,220000,162.79,163.1,161.6726,161.78,3439487,0
META.US,60,20220829,160000,160.655,162.65,160.41,161.515,2434667,0
META.US,60,20220829,170000,161.5,163.05,159.76,159.88,2511583,0
META.US,60,20220829,180000,159.85,160.76,159.4234,160.21,1703316,0
META.US,60,20220829,190000,160.26,161.15,159.96,160.6,1197808,0
META.US,60,20220829,200000,160.61,161.23,160.14,160.64,1002659,0
META.US,60,20220829,210000,160.645,160.68,159.75,160.225,1075989,0
META.US,60,20220829,220000,160.205,160.86,159.01,159.17,3462813,0
META.US,60,20220830,160000,160.355,161.66,159.01,159.09,2094945,0
META.US,60,20220830,170000,159.12,159.68,156.61,157.72,3167654,0
META.US,60,20220830,180000,157.68,157.92,156.851,157.335,1832561,0
META.US,60,20220830,190000,157.32,158.4201,156.67,157.0049,1399857,0
META.US,60,20220830,200000,157,157.26,155.91,156.545,1473352,0
META.US,60,20220830,210000,156.53,156.98,156.31,156.68,1082949,0
META.US,60,20220830,220000,156.66,157.7335,156.52,157.18,2408585,0
META.US,60,20220831,160000,167.07,167.3,163.81,165.295,5828449,0
META.US,60,20220831,170000,165.3,167.84,164.96,165.4,7163655,0
META.US,60,20220831,180000,165.38,165.4337,163.17,164.36,4485493,0
META.US,60,20220831,190000,164.35,164.62,163.34,163.7099,2033308,0
META.US,60,20220831,200000,163.68,163.98,162.14,162.8,1959803,0
META.US,60,20220831,210000,162.8,163.58,162.43,163.1319,1758549,0
META.US,60,20220831,220000,163.14,164.59,162.86,162.93,6371839,0
META.US,60,20220901,160000,163.58,167.3599,162.85,165.1,4723057,0
META.US,60,20220901,170000,164.95,165.3763,162.4232,162.4501,4464539,0
META.US,60,20220901,180000,162.45,163.44,161.1846,161.565,2897465,0
META.US,60,20220901,190000,161.55,162.68,160.345,160.6602,2235248,0
META.US,60,20220901,200000,160.67,162.27,160.56,161.7584,1948777,0
META.US,60,20220901,210000,161.77,164.015,161.5468,163.65,2272241,0
META.US,60,20220901,220000,163.66,165.73,163.3478,165.36,4609334,0
META.US,60,20220902,160000,167.45,167.93,163.52,163.82,2804128,0
META.US,60,20220902,170000,163.82,166.903,163.33,165.99,2489197,0
META.US,60,20220902,180000,166.01,166.47,164.18,164.71,1821812,0
META.US,60,20220902,190000,164.71,164.96,161.55,162.2594,1694582,0
META.US,60,20220902,200000,162.24,162.24,159.8403,159.96,1823420,0
META.US,60,20220902,210000,159.98,160.7785,159.94,160,1513072,0
META.US,60,20220902,220000,160,160.96,159.23,160.32,4583128,0
META.US,60,20220906,160000,160.1,161.69,159.32,159.845,2238110,0
META.US,60,20220906,170000,159.77,160.37,157.71,160.02,2798124,0
META.US,60,20220906,180000,160.04,160.18,158.86,159.937,1371571,0
META.US,60,20220906,190000,159.9599,160.62,158.64,159.055,1637414,0
META.US,60,20220906,200000,159.03,159.15,157.69,158.18,1231140,0
META.US,60,20220906,210000,158.175,159,158.11,158.6,1256447,0
META.US,60,20220906,220000,158.61,159.39,158,158.55,2395722,0
META.US,60,20220907,160000,157.76,159.7897,157.73,158.2,1584916,0
META.US,60,20220907,170000,158.22,158.44,156.81,157.76,2176303,0
META.US,60,20220907,180000,157.77,159.17,157.55,158.845,1558344,0
META.US,60,20220907,190000,158.87,159.1,157.9531,158.82,1042814,0
META.US,60,20220907,200000,158.8329,159.55,158.6876,159.33,951279,0
META.US,60,20220907,210000,159.34,160.84,159.21,160.29,1657495,0
META.US,60,20220907,220000,160.3,160.955,160.1,160.39,3315454,0
META.US,60,20220908,160000,158.71,161.44,157.74,161.18,2292210,0
META.US,60,20220908,170000,161.15,161.8,159.66,161.59,3065675,0
META.US,60,20220908,180000,161.59,162.04,160.16,160.41,3050994,0
META.US,60,20220908,190000,160.36,160.79,158.22,160.33,2602841,0
META.US,60,20220908,200000,160.34,161.66,159.7,161.1384,1540342,0
META.US,60,20220908,210000,161.15,161.84,160.85,161.08,1325583,0
META.US,60,20220908,220000,161.09,162.23,160.71,162.06,2827872,0
META.US,60,20220909,160000,163.248,166.75,163.02,166.26,2698484,0
META.US,60,20220909,170000,166.26,167.9099,165.7501,167.7304,2862854,0
META.US,60,20220909,180000,167.74,168.55,167.61,168.16,2276593,0
META.US,60,20220909,190000,168.16,168.86,167.79,168.845,1576211,0
META.US,60,20220909,200000,168.87,169.09,168.5406,168.81,1173538,0
META.US,60,20220909,210000,168.81,169.09,167.78,168.34,1759688,0
META.US,60,20220909,220000,168.33,169.54,168.28,169.17,4705054,0
META.US,60,20220912,160000,167.39,171.39,167.28,171.09,3250544,0
META.US,60,20220912,170000,171.11,171.24,168.03,168.09,3158028,0
META.US,60,20220912,180000,168.11,169.06,167.32,167.93,2914442,0
META.US,60,20220912,190000,167.96,168.85,167.45,168.73,1664845,0
META.US,60,20220912,200000,168.71,169.25,168.22,168.59,1295299,0
META.US,60,20220912,210000,168.57,168.74,167.88,168.28,1210248,0
META.US,60,20220912,220000,168.29,168.99,168.1112,168.96,3588891,0
META.US,60,20220913,160000,161.39,161.63,158.14,158.21,5176211,0
META.US,60,20220913,170000,158.17,158.3895,155.5301,156.08,6754517,0
META.US,60,20220913,180000,156.02,156.47,155.51,155.99,3856999,0
META.US,60,20220913,190000,155.91,156.77,155.76,156.21,2628651,0
META.US,60,20220913,200000,156.17,156.94,156.02,156.28,2043375,0
META.US,60,20220913,210000,156.29,156.435,154.7,154.955,3394911,0
META.US,60,20220913,220000,154.9263,155.19,152.67,153.13,9644795,0
META.US,60,20220914,160000,153.33,153.54,150.64,151.88,4768582,0
META.US,60,20220914,170000,151.915,152.069,149.05,150.38,7452588,0
META.US,60,20220914,180000,150.38,151.43,149.45,151.09,4126755,0
META.US,60,20220914,190000,151.13,151.78,150.4001,151.32,3323099,0
META.US,60,20220914,200000,151.3272,151.8327,149.9693,150.2062,3302836,0
META.US,60,20220914,210000,150.21,150.63,149.78,149.9709,2892659,0
META.US,60,20220914,220000,149.97,151.77,149.47,151.47,6736129,0
META.US,60,20220915,160000,149.8,154.1984,149.6,153.5744,4303413,0
META.US,60,20220915,170000,153.6,154.11,149.725,149.8,5600355,0
META.US,60,20220915,180000,149.81,150.87,149.28,149.8,3914894,0
META.US,60,20220915,190000,149.78,150.59,149.46,150.56,2319581,0
META.US,60,20220915,200000,150.58,152.005,150.5601,150.85,2506394,0
META.US,60,20220915,210000,150.86,150.87,149.66,150,2339209,0
META.US,60,20220915,220000,149.99,150.11,148.7,149.55,5297029,0
META.US,60,20220916,160000,148.05,148.58,145.88,146.13,5635443,0
META.US,60,20220916,170000,146.14,147.7,146,146.11,3755078,0
META.US,60,20220916,180000,146.13,146.6,145.3,146.32,2721752,0
META.US,60,20220916,190000,146.37,146.4,145.11,146.21,2184233,0
META.US,60,20220916,200000,146.2,146.2459,144.46,144.53,3823676,0
META.US,60,20220916,210000,144.54,145.98,144.2935,145.82,3108048,0
META.US,60,20220916,220000,145.8,146.7,145.24,146.29,8672442,0
META.US,60,20220919,160000,145.235,147.8,145.1,147.1165,2696354,0
META.US,60,20220919,170000,147.13,147.67,146.0177,147.02,2457811,0
META.US,60,20220919,180000,147.12,147.3799,145.65,145.83,1958342,0
META.US,60,20220919,190000,145.8499,146.64,145.43,146.5,1952360,0
META.US,60,20220919,200000,146.48,146.6199,145.9,146.4079,1330693,0
META.US,60,20220919,210000,146.4,147.35,146.26,147.28,1914499,0
META.US,60,20220919,220000,147.29,148.58,147.29,148.02,4211997,0
META.US,60,20220920,160000,145.775,147.84,145.69,146.63,2512292,0
META.US,60,20220920,170000,146.6,148.34,146.46,147.61,3209048,0
META.US,60,20220920,180000,147.59,148.6595,147.12,148.57,2378723,0
META.US,60,20220920,190000,148.59,148.84,147.02,147.43,1969083,0
META.US,60,20220920,200000,147.42,147.6,145.22,145.375,2136489,0
META.US,60,20220920,210000,145.36,146.43,145.305,146.21,1777375,0
META.US,60,20220920,220000,146.22,146.79,145.86,146.09,3359354,0
META.US,60,20220921,160000,146.39,146.68,144.4201,144.5106,2796256,0
META.US,60,20220921,170000,144.52,145.15,143.9,144.35,3166418,0
META.US,60,20220921,180000,144.35,145.01,144.03,144.755,1798806,0
META.US,60,20220921,190000,144.7512,147.38,144.55,146.14,4494647,0
META.US,60,20220921,200000,146.14,146.8004,145.6577,146.725,3107304,0
META.US,60,20220921,210000,146.77,149.6,142.8,147.55,7428380,0
META.US,60,20220921,220000,147.63,147.97,142,142.12,6971394,0
META.US,60,20220922,160000,141.55,143.08,141.25,141.825,3789641,0
META.US,60,20220922,170000,141.84,142.86,141.05,141.8899,3817145,0
META.US,60,20220922,180000,141.85,142.88,140.87,142.52,3242964,0
META.US,60,20220922,190000,142.52,144.11,141.83,143.79,3260817,0
META.US,60,20220922,200000,143.8,144.56,142.64,144.18,2899447,0
META.US,60,20220922,210000,144.19,144.3017,142.5943,143.5101,2463055,0
META.US,60,20220922,220000,143.51,144.58,142.69,142.82,4755601,0
META.US,60,20220923,160000,141.42,142.62,139.6,139.6966,2934673,0
META.US,60,20220923,170000,139.671,141,139.23,140.28,4088453,0
META.US,60,20220923,180000,140.29,141.75,139.94,140.44,2598876,0
META.US,60,20220923,190000,140.42,140.58,139.275,140.48,2420264,0
META.US,60,20220923,200000,140.49,140.68,139.56,140.03,1907336,0
META.US,60,20220923,210000,140.02,140.66,138.89,139,2732228,0
META.US,60,20220923,220000,138.99,140.7,138.99,140.41,5803483,0
META.US,60,20220926,160000,140.12,142.24,139.94,141.57,2560459,0
META.US,60,20220926,170000,141.585,142.13,139.63,140.12,2806826,0
META.US,60,20220926,180000,140.16,140.39,137.94,138.53,2811491,0
META.US,60,20220926,190000,138.55,138.56,136.79,137.77,2372182,0
META.US,60,20220926,200000,137.7731,137.94,136.75,137.375,2163320,0
META.US,60,20220926,210000,137.35,138.57,137.2514,138.1813,1877171,0
META.US,60,20220926,220000,138.1906,138.62,136.19,136.37,7659708,0
META.US,60,20220927,160000,137.92,139.42,137.07,137.64,3046665,0
META.US,60,20220927,170000,137.7,138.75,136.72,138.42,3266739,0
META.US,60,20220927,180000,138.411,138.64,136.04,136.105,2439577,0
META.US,60,20220927,190000,136.1,136.26,134.85,135.26,2681974,0
META.US,60,20220927,200000,135.25,135.27,134.1201,134.7,2363191,0
META.US,60,20220927,210000,134.72,135.47,134.28,135.22,2182248,0
META.US,60,20220927,220000,135.2,135.33,134.17,134.4,6518424,0
META.US,60,20220928,160000,134.62,136.95,134.27,136.33,3407281,0
META.US,60,20220928,170000,136.305,138.5,135.79,138.4427,4207346,0
META.US,60,20220928,180000,138.45,139.8989,138.39,139.61,3688754,0
META.US,60,20220928,190000,139.61,140.58,139.37,139.63,2608328,0
META.US,60,20220928,200000,139.65,140.87,139.47,140.72,2488268,0
META.US,60,20220928,210000,140.73,141.31,140.64,141.03,2292452,0
META.US,60,20220928,220000,141.03,142.03,140.92,141.61,6210562,0
META.US,60,20220929,160000,139.36,139.84,137.28,137.73,2950929,0
META.US,60,20220929,170000,137.79,138.08,135.33,137.27,5500927,0
META.US,60,20220929,180000,137.27,138.4925,137.15,138.17,4442848,0
META.US,60,20220929,190000,138.18,138.275,136.67,137.225,3782119,0
META.US,60,20220929,200000,137.2291,137.64,136.26,136.297,2524128,0
META.US,60,20220929,210000,136.26,136.85,135.2,135.655,4619799,0
META.US,60,20220929,220000,135.65,136.79,135.59,136.41,6621945,0
META.US,60,20220930,160000,136.05,138.67,136.04,137.505,3010322,0
META.US,60,20220930,170000,137.515,140.17,137.01,140.1633,4340203,0
META.US,60,20220930,180000,140.19,140.99,139.1,139.22,3152926,0
META.US,60,20220930,190000,139.24,139.3925,138.481,138.5334,2401550,0
META.US,60,20220930,200000,138.52,138.62,137.2,137.2427,2247788,0
META.US,60,20220930,210000,137.22,137.84,136.58,136.72,2983757,0
META.US,60,20220930,220000,136.71,137.35,135.5,135.68,7190383,0
META.US,60,20221003,160000,137.14,138.54,136.36,137.17,2992265,0
META.US,60,20221003,170000,137.21,139.17,137.21,137.5515,3661643,0
META.US,60,20221003,180000,137.55,137.82,136.1,136.479,2933369,0
META.US,60,20221003,190000,136.46,137.38,136.392,137.1,2025507,0
META.US,60,20221003,200000,137.09,138.53,136.895,138.06,2041226,0
META.US,60,20221003,210000,138.08,139.42,138.02,139.22,2009404,0
META.US,60,20221003,220000,139.2,139.62,138.3575,138.61,5272630,0
META.US,60,20221004,160000,140.49,142.1333,139.84,140.57,3678362,0
META.US,60,20221004,170000,140.57,142.3901,139.34,141.9112,6237661,0
META.US,60,20221004,180000,141.91,141.97,140.31,140.8601,2818612,0
META.US,60,20221004,190000,140.87,141.79,140.67,140.905,2060050,0
META.US,60,20221004,200000,140.885,140.91,139.41,140.57,2195732,0
META.US,60,20221004,210000,140.59,140.89,140.25,140.555,1801832,0
META.US,60,20221004,220000,140.58,140.74,139.51,140.28,5764265,0
META.US,60,20221005,160000,138.24,138.82,136.3449,136.99,2823319,0
META.US,60,20221005,170000,137,137.08,134.78,135.03,3917129,0
META.US,60,20221005,180000,135.03,135.88,134.807,135.68,2114753,0
META.US,60,20221005,190000,135.7,137.18,135.23,136.69,2512734,0
META.US,60,20221005,200000,136.69,138.295,136.6,137.88,2548024,0
META.US,60,20221005,210000,137.89,139.13,137.67,139.1299,2308925,0
META.US,60,20221005,220000,139.13,140.21,138.55,138.98,5220684,0
META.US,60,20221006,160000,137.715,139.49,137.32,137.9725,3190732,0
META.US,60,20221006,170000,137.96,139.68,136.6,139.65,3748839,0
META.US,60,20221006,180000,139.6437,141.44,139.1101,139.795,5091935,0
META.US,60,20221006,190000,139.75,140.18,139,139.8301,2849491,0
META.US,60,20221006,200000,139.85,141.45,139.475,141.2417,2590736,0
META.US,60,20221006,210000,141.25,141.2678,139.37,139.6868,2375480,0
META.US,60,20221006,220000,139.66,139.85,138.8,139.07,4988190,0
META.US,60,20221007,160000,136.76,138.29,135.08,135.22,2931130,0
META.US,60,20221007,170000,135.24,136.38,134.8301,135.945,3589515,0
META.US,60,20221007,180000,135.94,136.15,134.41,134.92,2655807,0
META.US,60,20221007,190000,134.955,135.27,134.03,134.6793,2491826,0
META.US,60,20221007,200000,134.6629,134.6629,132.55,132.6706,3713276,0
META.US,60,20221007,210000,132.66,133.46,132.44,133.13,3037560,0
META.US,60,20221007,220000,133.12,133.66,132.56,133.45,6445886,0
META.US,60,20221010,160000,133.55,136.11,132.8005,134.33,3065978,0
META.US,60,20221010,170000,134.34,135.2307,133.5406,133.71,3210244,0
META.US,60,20221010,180000,133.7,134.55,133.23,133.76,2180070,0
META.US,60,20221010,190000,133.78,133.8,132.01,132.02,2159989,0
META.US,60,20221010,200000,132.0301,134.58,131.87,134.2108,2073594,0
META.US,60,20221010,210000,134.2026,134.638,133.63,133.97,1429915,0
META.US,60,20221010,220000,133.98,134.5,133.54,133.79,3738508,0
META.US,60,20221011,160000,131.62,132.66,127.38,127.54,4650018,0
META.US,60,20221011,170000,127.535,129.39,126.99,128.79,5449068,0
META.US,60,20221011,180000,128.8,130.97,128.74,130.56,3625754,0
META.US,60,20221011,190000,130.56,131.4501,129.5,130.7555,3090800,0
META.US,60,20221011,200000,130.76,131.09,129.97,130.36,2494155,0
META.US,60,20221011,210000,130.36,130.65,128.0601,128.17,2787344,0
META.US,60,20221011,220000,128.16,128.77,127.5,128.54,5939649,0
META.US,60,20221012,160000,128.32,129.67,127.28,128.01,3152900,0
META.US,60,20221012,170000,128.08,128.5299,126.81,127.12,4046084,0
META.US,60,20221012,180000,127.15,128.93,127.04,128.06,4255870,0
META.US,60,20221012,190000,128.06,128.2317,126.76,127.39,2777739,0
META.US,60,20221012,200000,127.4,127.6,126.41,126.5255,2002340,0
META.US,60,20221012,210000,126.56,128.01,126.25,127.565,4880531,0
META.US,60,20221012,220000,127.57,128.17,126.96,127.5,5856201,0
META.US,60,20221013,160000,123.53,125.4385,122.5301,124.58,3795507,0
META.US,60,20221013,170000,124.57,125.74,124.23,124.805,3931661,0
META.US,60,20221013,180000,124.802,130.69,124.45,129.42,5159921,0
META.US,60,20221013,190000,129.415,129.85,128.16,129.34,2471510,0
META.US,60,20221013,200000,129.35,130.99,129.35,130.2876,2584622,0
META.US,60,20221013,210000,130.28,130.53,129.38,130.39,1656122,0
META.US,60,20221013,220000,130.3808,131.14,129.93,130.29,5354500,0
META.US,60,20221014,160000,131,131.79,129.05,129.795,1875057,0
META.US,60,20221014,170000,129.78,129.78,127.16,128.48,2750510,0
META.US,60,20221014,180000,128.475,129.3154,127.25,127.59,2230144,0
META.US,60,20221014,190000,127.56,128.37,127.3001,128.01,2066977,0
META.US,60,20221014,200000,128.03,128.66,127.82,128.6,1872558,0
META.US,60,20221014,210000,128.61,128.61,127.3,127.73,1617624,0
META.US,60,20221014,220000,127.725,128.01,126.52,126.76,5303310,0
META.US,60,20221017,160000,130.3,132.39,130.18,131.365,3435066,0
META.US,60,20221017,170000,131.35,132.29,130.82,130.93,2924942,0
META.US,60,20221017,180000,130.91,133.8,130.87,133.69,2957811,0
META.US,60,20221017,190000,133.695,134.07,133.3,133.89,2064263,0
META.US,60,20221017,200000,133.8855,134.6299,133.65,134.6,1797452,0
META.US,60,20221017,210000,134.59,134.79,133.96,134.145,1879518,0
META.US,60,20221017,220000,134.13,134.49,133.55,134.04,7074357,0
META.US,60,20221018,160000,137.085,137.8399,134.5799,135.17,3239363,0
META.US,60,20221018,170000,135.14,135.96,133.48,133.58,3242315,0
META.US,60,20221018,180000,133.565,133.9853,131.4,132.61,3194654,0
META.US,60,20221018,190000,132.6,133.94,132.275,133.06,2140035,0
META.US,60,20221018,200000,133.09,134.1,132.47,133.8,2072993,0
META.US,60,20221018,210000,133.7811,133.88,132.1305,132.9204,1992949,0
META.US,60,20221018,220000,132.91,133.24,132.35,132.8,3635987,0
META.US,60,20221019,160000,132.89,135.73,132.81,133.18,3151930,0
META.US,60,20221019,170000,133.16,137,132.71,134.9692,5114755,0
META.US,60,20221019,180000,134.95,135.91,134.71,135.4685,2302384,0
META.US,60,20221019,190000,135.49,135.66,133.46,133.68,2420043,0
META.US,60,20221019,200000,133.66,133.8,132.26,133.2,3142623,0
META.US,60,20221019,210000,133.18,133.75,132.68,132.78,2479184,0
META.US,60,20221019,220000,132.79,133.33,132.22,133.23,5177883,0
META.US,60,20221020,160000,132.93,135.44,132.8,134.75,2134162,0
META.US,60,20221020,170000,134.76,136.77,134.6,136.29,3126029,0
META.US,60,20221020,180000,136.3,136.66,135.6,135.7,1918964,0
META.US,60,20221020,190000,135.71,135.83,133.16,133.645,2073688,0
META.US,60,20221020,200000,133.6485,133.78,131.93,132.1687,2129084,0
META.US,60,20221020,210000,132.16,132.16,131.41,131.99,2127871,0
META.US,60,20221020,220000,132,132.43,131.31,131.53,4691671,0
META.US,60,20221021,160000,126.31,128.9,126.02,128.32,5730651,0
META.US,60,20221021,170000,128.34,129.45,126.89,127.23,6125684,0
META.US,60,20221021,180000,127.245,128.2,125.44,128.13,5443771,0
META.US,60,20221021,190000,128.16,128.83,127.54,128.12,3502190,0
META.US,60,20221021,200000,128.1,128.91,128.01,128.87,2402931,0
META.US,60,20221021,210000,128.87,130.03,128.78,129.1724,3550928,0
META.US,60,20221021,220000,129.19,130.12,129.06,130.01,6800839,0
META.US,60,20221024,160000,127.25,127.375,124.71,125.72,5577227,0
META.US,60,20221024,170000,125.73,131.68,124.57,131.44,12473363,0
META.US,60,20221024,180000,131.44,132.19,128.82,131.31,8155139,0
META.US,60,20221024,190000,131.295,133.48,130.13,132.37,4855390,0
META.US,60,20221024,200000,132.41,132.58,128.21,129.05,8391992,0
META.US,60,20221024,210000,129.11,130.55,129.015,130.18,4981772,0
META.US,60,20221024,220000,130.19,131.22,129.38,129.72,6553506,0
META.US,60,20221025,160000,130.875,134.93,130.59,133.74,4739774,0
META.US,60,20221025,170000,133.7167,134.66,133.2701,133.705,4048938,0
META.US,60,20221025,180000,133.72,135.55,133.65,135.03,3463923,0
META.US,60,20221025,190000,135.02,136.2,134.8,136.08,2988883,0
META.US,60,20221025,200000,136.08,136.46,135.07,135.605,3061245,0
META.US,60,20221025,210000,135.59,137.73,135.53,137.4401,4176980,0
META.US,60,20221025,220000,137.46,138.35,137.12,137.51,7424942,0
META.US,60,20221026,160000,131.68,133.75,130.57,132.145,5345155,0
META.US,60,20221026,170000,132.16,135.05,132.16,133.95,4539999,0
META.US,60,20221026,180000,133.97,135.55,133.96,134.13,3418989,0
META.US,60,20221026,190000,134.14,134.23,131.71,131.8629,3571930,0
META.US,60,20221026,200000,131.86,131.97,129.91,130.11,4583140,0
META.US,60,20221026,210000,130.105,130.64,128.53,129.0014,6183688,0
META.US,60,20221026,220000,128.97,130.54,128.645,129.82,12723865,0
